3.098338601097138678e+01
-2.617197460991935998e+01
-9.500971380241270481e+01
-4.338816927577322247e+01
-6.521080986233830146e+00
-4.170126569394864902e+01
1.373921352619826486e+01
1.163066692959306359e+01
-4.718728129476335020e+00
3.520637773747179722e+01
1.835886820333539049e+01
1.759178911248837096e+01
1.888532872248805816e+01
-2.668157013843743286e+01
-4.009134363442218785e+01
2.132568156179049979e+01
-2.438702241858294784e+01
-4.936802319525533989e+01
1.154668623689102702e+01
-2.015745333450342969e+01
-6.690618891362579745e+01
-2.930831254703129929e+01
-3.575607239785129821e+01
1.872415112046331487e+00
-5.204440681321101891e+01
-4.244747714704107011e+01
3.796681104596477230e+00
-3.594881855640442581e+01
1.180660935711088833e+01
-2.075952748858525965e+01
1.743173439655394574e+01
1.145577376138395387e+01
-4.859158433148702727e+01
-4.045777872793394181e+00
-1.526286986304906179e+01
1.161924554548164679e+00
2.253961122657858951e+01
4.828153117656697191e+01
2.277706942236878263e+01
3.799896610574524658e+01
3.128866357011393973e+01
-4.385993314789999431e+01
-9.236411939790400538e+01
-3.171670517194721839e+01
-3.791864800540287206e+01
-1.999693007357644703e+01
-8.352339292165581242e+01
-7.279381694415091886e+01
-8.396009698852510894e+01
-5.412933332010507570e+01
-5.531212594743832511e+01
-2.329325515173855976e+01
-3.271278552055145639e+01
-3.329474719983845432e+01
-4.649689452086160912e+01
-2.309183559807764041e+01
-2.202146356281358131e+00
-4.843461769961349717e+01
-1.761525941234260628e+01
-4.059096666849814028e+01
-1.850744915083720699e+01
-4.183506360987865946e+01
-5.725040082334589897e+01
-6.990510457299930636e+01
-4.075053062393679681e+01
-6.519331986045118299e+01
-4.364801192854525880e+01
-2.454275265308825738e+01
-7.253638984296640047e+01
-7.286078821021700946e+01
-1.084413212503149850e+02
-3.365792685136212725e+01
-5.315115915532585689e+01
-5.305611902957758019e+01
-2.943136311853681875e+01
-8.823975264238104188e-02
-1.255987844535121312e+01
-4.352452400154861323e+01
-7.855604499176857303e+01
-3.885389602698004552e+01
-5.199578759666462702e+01
-4.266915790909316542e+01
-2.534027340057648559e+01
-2.822802129701592833e+00
3.180207655082186591e+01
-5.448740687570170493e+00
-2.000352875564240662e+01
4.808812559860296432e+00
-7.839814581343128808e+00
1.382398411659291426e+01
-2.904488845484358350e+01
-3.305996445775956261e+01
-4.172466009915056873e+01
-6.802321336265669061e+01
-7.229249974078589958e+01
-5.710719756881870524e+01
-6.713851860088269952e+00
-7.551670522588844392e+01
-8.765848651067448927e+00
3.175098390655117697e+01
-1.188040957698007105e+00
8.298062044264869996e+01
5.234361174007447914e+01
9.619577572622795003e-01
1.863500042110680255e+01
9.837753392016892917e+00
5.088303516902396240e+00
9.539329157726697872e+00
3.939653043193651172e+01
3.472531349797621658e+01
-3.387874646984712967e+01
-1.454561248373892113e+01
-2.740829084171835461e+00
-2.411340775912055179e+01
-1.593509995573342408e+01
2.827680513753594482e+01
5.032579827476116208e+01
-3.719505657415599131e+00
-2.673277185548798229e+00
3.012322379089209434e+01
4.661725893669160570e+01
1.806903854618409966e+01
-3.838968002193336115e+00
-9.157138985113245866e+00
6.959364125811907442e+00
9.799307991881109459e+00
3.551574827899491993e+01
4.820419519603652247e+01
-1.998588926735278548e-02
3.602805985634845598e+01
-1.378866680191613270e+01
-6.868415097692043503e+00
-2.332168652272280340e+01
-4.780024032684965007e+00
-4.735143702940080246e+00
-2.051081166987167137e+00
-2.636088227035445186e+01
-1.659091353612465980e+01
-1.152481709900144047e+01
-5.398781116094248489e+01
-3.090799899141722307e+01
-1.105273506986736365e+01
5.663556287073696183e+00
3.156870914472404266e+01
1.392175152614044720e+01
-2.175627117894602947e-01
2.669067557345644559e+01
-2.148722186364846820e+01
-7.883348617522104007e+01
-1.584650890980498161e+01
-7.182205895014334374e+01
-4.871462468269174906e+01
-3.514343634537873839e+01
-6.480509874330080322e+01
5.110167704368873132e-02
-7.148386827568629087e-01
-3.398617336880063533e+01
-3.298543583846227278e+01
-2.303328345931728904e+01
-3.114099958862114903e+01
-4.477352896605860622e+01
-3.681878395910726454e+01
1.010840032288616186e+00
-2.402992668699694789e+01
-4.763216346059631690e+01
-1.074924459553589884e+01
-4.172221568468233954e+01
-4.450636301664501104e+01
-2.696841908261367848e+01
-6.982149402827674578e+01
9.792780018242286388e-01
-3.307188755351084808e+01
-7.351633483576752326e+01
-6.218115446724340245e+01
-3.372362785992267220e+01
7.871340119508547950e+00
7.710840290035616107e+00
3.708516132051657621e+01
-2.816471552237625176e+01
-4.076816055761524638e+01
-2.209396210752389322e+01
-2.685191501913641332e+01
-2.100050879894689615e+01
-2.888944724235929584e+01
-2.920182241938876899e+01
-1.079704385697704794e+01
-1.603842163324056358e+01
-5.145891907045551505e+01
2.954963446514443426e+00
7.960054263245131878e+00
-2.135203847406421573e+01
2.523964246980717263e+01
4.032100955337986647e+01
4.667658878117287458e+01
3.782831030586891785e+01
2.122509382597373317e+01
1.479690871432451615e+01
5.191969813394877775e+01
1.188156935184075813e+01
7.781422984810087939e+01
6.804768526688565089e+01
4.565630301855448181e+01
1.670147987071989348e+01
3.001071767432273774e+01
4.938254933690559767e+01
-2.862546964353574808e+00
-2.377341321233889815e+01
-1.117910617869796397e+00
9.661146682918801076e+00
3.513930448438348719e+01
-2.634249546618664439e+01
-7.629393871381699910e+01
-4.789605110831992363e+01
-6.283036053027224455e+01
-3.207231432400176629e+01
-2.726655846647943093e+01
-5.739506894551930571e+01
-4.840305302368849993e+01
-3.978879799892854408e+01
-7.791233904551869216e+01
-7.195364082197235689e+01
-1.065229937333918642e+01
-3.865912879226893750e+01
-6.625518822890281001e+01
-2.825492682460183147e+00
-1.962397363828758046e+01
1.093165091806734779e+01
1.335751996144354692e+01
-1.002077727768390325e+01
9.806590744414339866e+00
5.773561840443282911e+00
-7.719423457058468330e+00
1.413964074280169569e-01
1.650262670578272051e+01
2.324094904320946142e+01
-2.993448578640246183e+01
-1.382113221780092260e+01
-7.223574142978090862e-01
2.140955157854069668e+01
-3.858092967041748977e+00
-7.732871042006458140e+00
-1.843576163002251356e+00
2.539678144793303005e+01
3.321040778922596104e+01
6.749869072735715569e+00
4.010547160761166907e+00
-2.802952926224445918e+01
-3.326066047068120213e+01
2.307656900669880429e+01
2.109079370105591167e+01
3.469745200938901064e+01
4.269650304731590751e+01
2.014251736913460178e+01
-1.222225946945743269e+00
-1.962282481005838974e+01
-1.376773310186837485e+01
-8.533274240551349976e+00
1.827604637852297742e+01
-1.658556645385238326e+01
-3.029165818292444357e+00
8.276086494029655682e+00
-2.325499673682724833e+01
-4.562688690861812546e+01
-3.745782520305259311e+01
-3.870696282759429607e+01
-5.034988749884620063e+01
-6.808492516806643380e+01
-5.163181012504853129e+01
-4.945326666322255704e+01
-5.530692749499806382e+01
1.579396600803092099e+01
2.136141103136502295e+01
2.229236031672724749e+01
-1.825045272863416557e+00
-6.731572432061925682e+00
-5.330307483457517748e+01
-1.337245621559512543e+01
-1.045573161262467643e+01
-3.002494259704921831e+01
1.721913826211370235e+01
4.567959889963905340e+01
-2.523235542867926995e+01
7.760319172208824057e+00
1.942824969261701895e+00
2.599968849560452355e+01
1.872080613342380673e+01
3.601570950973727747e+01
3.504420639190792741e+01
4.852266059577045709e+00
-2.878523439127476991e+00
4.634687965405298371e+00
3.721478534832395724e+01
2.542025002083603979e+01
-1.641507244227225115e+01
-1.758303855123361004e+01
-4.168948857433989019e+01
-1.742209282957236383e+01
-2.253448850228493683e+01
-4.372753086695653479e+01
9.806580069152861512e-01
-2.229200633644501295e+01
2.002389240601232245e+00
1.248707721600222698e+00
-1.450261610258660561e+01
-3.552947708379289793e+01
-5.416049749871218211e+01
-7.082844554764568556e+01
-6.954518272187640093e+01
-2.148920445603842211e+01
-5.388754508601195425e+00
1.967436129516628718e+00
5.337292726851346814e+00
-4.986139582714898211e+00
1.546543388322221801e+01
-1.247491018958375442e+01
6.696901389183755882e+00
2.852000199706951378e+01
4.672901529537542586e+01
1.192768328348278928e+01
3.367550474189213361e+01
2.440695052573070356e+01
-1.239799641864108892e+01
1.988275422706110973e+01
2.249810929819642524e+01
5.322390799886157708e+01
1.072641593702370244e+01
2.011128508470730836e+01
-3.369482745415314895e+01
-3.465317937709150087e+00
-6.815786104852124083e+01
-1.386847223240325455e+01
-7.117992741735370998e+01
-6.998905421456149156e+01
-4.284501180224823713e+01
-2.559028912363874753e+01
-1.530497499721556842e+01
4.764521707924674132e+01
1.553649466008129032e+01
-3.781852860232468316e+01
-2.334008398670636808e+01
5.823610681511256359e+01
-2.215368461840804670e+01
2.210289902259845007e+00
5.527871404740327677e+01
1.507304452057697830e+01
-3.300714614502492594e+01
-2.340785276269372162e+01
-1.156615854833608736e+00
-6.858227490583590935e+00
-6.112329232240004728e+01
3.291813934406931708e+01
7.178949084755367949e+01
-9.623585487556045592e+00
-1.837152936433934514e+01
-3.698989312534872909e+01
-6.764324426092313658e+00
-2.810892348799718121e+01
-4.941275967992798712e+01
-7.785424817389197116e+00
-4.804702929279457635e+00
-5.554703109466922584e+00
-6.093543036452334150e+01
-3.720204825082497280e+01
3.112258529301386645e+01
2.249319994687104440e+01
-1.939079632141695697e+01
3.403035773130126529e+01
2.503125617492772648e+01
6.384841874567469233e+01
6.472263404778178142e+01
-1.314716567939941783e+01
-2.525050021113190013e+01
1.175324734514332192e+01
4.644516016055598584e+01
8.575899131891516092e+00
-1.666082098062853589e+01
7.092223637197460739e+00
-3.785238121914923681e+01
-4.841806393295760103e+01
-2.913509340119522406e+01
-5.689205456684076978e+01
-3.815719355266701740e+01
-5.049199811372081115e+01
-2.744127066463037323e+01
-2.129777977542036638e+01
-2.521377907037610200e+01
-3.322972839003615775e+01
-5.517732761043713197e+01
1.954282681725971216e+01
5.804264047448640440e+00
-2.904827127812940901e+01
-1.772114432872470857e+01
-1.235694734635589853e+01
2.112064746892513867e+01
1.714573246279403662e+01
-2.909491579632426905e+01
-4.851426697463878668e+01
-1.844422289576765195e+01
-5.339102852695965851e+01
-8.234122731525245342e+01
-3.783744724816297378e+01
-2.415537002629530150e+01
6.822721602006247998e+00
1.176017801138670293e+01
3.567972083207330058e+01
-1.579621525247456049e+01
-2.064166832346618463e+01
-4.366862504904412390e+01
-6.506762361716262433e+01
-1.949343939697904560e+01
-5.038226862028655262e+01
-6.220255657332829458e+01
-1.434565782551281110e+01
1.429583053964810979e+01
4.205200841006767121e+01
3.496086604740564496e+01
4.450213764019198948e+01
5.718843908213958116e+01
-9.484149811841220412e+00
3.589405966678346260e+01
3.568628904584645056e+01
2.564206119090803782e+01
-8.663230778512858166e-01
5.451036143171374704e+01
-4.675779865580643957e+00
-2.474975531046360544e+01
-2.318221610160695434e+01
8.680530859133709143e+00
1.533363248338082130e+01
7.816102178489497732e+00
3.988053689107178457e+01
-2.908639656279412833e+01
1.732684528951178748e+00
3.427211938447140227e+01
3.772830415701409379e+01
3.673088794396465318e+01
3.145574248946587659e+01
1.157742401608278726e+01
4.287486060144549072e+01
3.317891526175500871e+01
2.797020567466199736e+01
3.678148410976278626e+01
2.800195491047202978e+01
2.540415683602519792e+01
3.083346866720121149e+00
2.053977448949941476e+01
-3.153964423931375549e+00
9.213059161397818997e+00
1.064342553194187069e+01
-4.782373807838739310e+01
-3.689609411016233764e+01
-2.120686818163873255e+01
1.638762392253559597e+01
-1.353910479541350753e+01
-5.921059811756254021e+01
2.076514675537068477e+00
5.844539004940864757e+00
2.831137010252239250e+01
2.808430954791698397e+01
-1.148901857869773124e+01
2.175751331163613855e+00
-2.915250238304873953e+00
2.707860353922367835e+01
1.487547026914032600e+01
-8.231830646148843300e+00
-3.887856136835055310e+01
-8.563332260089438819e+00
-5.592704731137204455e+00
-1.248562226784615881e+01
-4.350306796300770884e+01
-8.819585143090336032e+00
-3.602845275534333069e+01
-2.239295533278423633e+01
-1.154944941979577422e+01
-2.532569725514030168e+01
-2.449375407061347332e+01
-1.476052621480477356e+01
2.302227107230855552e+01
-5.942724775622597377e+00
7.710591998012230164e+00
7.001964364981751032e+01
2.553162406489592939e+01
-1.614655622099927967e+01
-4.491239339055633906e+01
-3.649513406628029344e+01
3.083972850355090145e+01
-7.062510823199266596e+00
-4.767682596765179248e+00
-6.500733341184634639e+00
-5.337972652147167452e+01
-5.159023462453545505e+01
-1.251873076180994815e+01
-4.563036730323692325e+01
-8.363965052267566591e+01
-4.175791598627009193e+01
1.240939312646286297e+01
1.734035476561191302e+01
1.168777039748444579e+01
2.869294363003791659e+01
-1.175300331533006037e+01
-8.998011506167006957e+00
-4.253319060697478449e+01
-3.495169185923895583e+01
-3.887945518713280535e+01
-3.029015334134363258e+01
-4.044869380658410307e+01
-3.124689043468124794e+01
-5.038984475414720166e+00
-4.666398181182816529e+01
7.607848015825631194e-01
-6.925074407656759945e+01
1.072868208553534686e+01
3.889454670762691357e+00
-7.770911544177216967e-01
-6.840566441105436546e+00
-2.590298195908657952e+00
5.192096737521535488e+01
4.963880499586122141e+01
3.956142110172514492e+01
4.942022104695850260e+01
1.944027533147284004e+01
1.649959892435848730e+00
4.169043469545130165e+01
-2.047326491612527377e+01
-1.096515700185564057e+01
5.354403906836409277e+01
6.400969016764317132e+01
6.509035860979298604e+01
4.251044215872482113e+01
3.328379602006288707e+01
4.282166206309940293e+01
3.078237839841416701e+01
1.835142836587034054e+01
3.791986764062628623e+01
5.613280201942169612e+01
2.035015451224715832e+01
7.047529381986367980e+01
2.693598914663359167e+01
6.419325721975603471e+01
4.279489844738271387e+01
3.001805924714945917e+01
1.342822567055527472e+01
9.158250922207237465e+00
1.939989664096662025e+01
-3.765138390921570277e+01
-1.907934891997438598e+00
-1.649096160562976721e+01
-2.208745326401827214e+01
2.060199814657538298e+01
7.722352313660701739e+00
7.721315253133193224e+00
1.448597035980461989e+01
4.918536406888092927e+01
-7.555541809002059850e+00
-1.433665809770108268e+01
3.435156074675506233e+01
2.534879965223057852e+01
3.599185219634952659e+01
-9.747363270295061000e+00
-3.069126043862089404e+01
-1.188707984707036758e+01
3.295313327695630790e+01
-4.051544152972805080e+01
-3.317044125941146859e+01
2.030821983809407705e+00
1.674252882404961440e+01
3.875303388062221188e+01
5.208300821298364269e+01
1.700368502949296534e-01
-3.208209179092184371e+01
-1.923051093102139220e+01
1.684828558714995950e+01
-1.159017176302489815e+01
6.038554137707910385e+00
3.655638177681463041e+00
-3.892298156968187151e+00
-2.822757104511356374e+01
-3.237699056252358076e+01
-5.787299701984292710e+01
-6.051530624415268278e+01
-1.292762756410215097e+01
-1.174231599866039488e+01
-4.265544962014462271e+01
-1.852269482826042690e+01
3.360161956152983720e+01
-3.867819523866515397e+01
-2.614630523498114201e+01
-7.883661742944251927e+00
4.835087768660423535e+01
2.295635076599923252e+01
2.724377978869467043e+01
4.765388977298822226e+01
-2.714127852278966913e+00
-2.145713755695952329e+01
5.034583807150596613e+01
5.055477341741789132e+01
1.540838630672889664e+01
4.722457667342014531e+01
1.560708857940737104e+01
4.694616148875233108e+01
3.010416797772944619e+01
2.293038391914773300e+01
-7.922964241738913671e+00
-1.374044357613689904e+01
5.025594876088588592e+01
3.892399259144126233e+01
2.311244465465485476e+01
2.123874297625799556e+01
-8.071533017847629665e+00
-9.973595862210089535e-01
2.332203957219266144e+01
7.063452664632272615e-01
-9.673923654916510628e+00
-3.921123431032263795e+00
-9.669648667425825295e-01
7.940932232715089967e+00
3.103361421206092885e+01
2.530801941742531724e+01
3.023948626105256210e+01
-8.303811727907337570e-01
1.550473640015725074e+01
-3.711355937195155974e+01
-6.806972174339300352e+00
-5.554303954784698760e+01
2.245173803128310652e+01
-3.446325670955314280e+01
-1.535925219889058191e+01
-4.555401810895937587e+01
-5.078430270213983277e+01
-6.819560061369566384e+00
1.882195450663768810e+00
3.086066636692883591e+01
4.146086782110470637e+01
7.379392238309023799e-01
2.146943991904866778e+01
-2.897729257168549122e+00
-1.552106199075808490e+01
3.451648825721866842e+01
-1.047890287150632815e+01
-7.693668846209634538e+00
-1.283586964905591898e+01
2.031619285466310032e+01
-5.361058676292731207e+01
-5.651340137047917267e+01
-8.070727655947960599e+00
-1.284556578516312264e+01
2.521222555893864836e+01
9.406053199846548196e+00
1.554055517700023969e+01
4.652228831052741498e+01
2.351126090322415507e+01
1.064602044880086851e+01
1.040344444567887905e+01
3.389272364697657736e+01
4.856007656150151064e+01
6.336373998649784056e+01
1.940808995922014546e+01
2.221364620669551648e+00
-1.248327312768680741e+01
2.252781390316012988e+00
-3.673933704006299195e+01
-7.263844940087442126e+01
-5.838553758784620840e+01
-1.109482080053252240e+01
-1.562968153852317776e+01
-4.450098725274002476e+01
-2.710048805117375537e+01
3.361608260998124820e+01
-8.630615730198357483e+00
-3.699849221046238767e+01
-3.652049145695784205e+01
-1.159876906300626587e+01
1.188934803293499876e+01
8.864142057231909178e+00
5.621728896757306160e+01
-8.634183729803002194e-01
-9.738668132287848778e+00
-9.685271175952891554e+00
5.628378341639587390e+00
1.568282387305898418e+01
-2.148485487717667652e+01
-3.753904283347681314e+01
-5.882299380201396843e+01
-3.082228353360529383e+01
-5.214694631239649425e+01
-1.351263610302114726e+00
-1.853567141189691725e+01
-2.045358011045416902e+01
8.167176863660429831e+00
2.936033819688020685e+00
1.737671888355539096e+01
1.062164703259545107e+01
-1.104589616856742751e+01
-4.960697802220443720e+01
-6.515756866809788050e+01
-8.157318219908145807e+01
-6.480729876989281024e+01
-3.901558763092723581e+01
-7.609600922102868026e+01
-6.958045941631461062e+01
-5.613990959760776889e+01
-2.487343926688933138e+01
-3.599732061932688509e+01
-5.314124827448806343e+01
-2.997746101012923248e+01
-1.648947820791626384e+01
-3.796438012186528255e+01
-1.755585010038413429e+01
4.668398454243570939e+01
6.001647213466895892e+01
6.191688048146286150e+01
1.731957153886654055e+01
9.862337253224495726e-03
1.244931775607909685e+00
-5.509575847967411732e+00
3.992065418469277915e+01
-3.824999166056929134e+00
1.590296205546298935e+01
3.073059496701095838e+01
4.793892532904243353e+01
1.344667224276804163e+01
4.068962837980554070e+01
4.136580429518115665e+01
-9.534578215999829354e-01
1.574815561747146653e+01
3.583680666272942972e+01
2.169775404128590424e+01
-1.256227723435483767e+01
-2.482357635361935877e+00
-3.827497315442109027e+00
-1.235623891347021441e+01
2.504110143007802236e+01
-4.402409990273295648e+01
-3.313250951082423512e+01
-2.595494234364296204e+01
-8.633660996374763386e+01
-7.650703184375076660e+01
-3.772054419202321185e+01
-1.728498190745526841e+01
-3.995550105981924105e+01
2.528599293853163488e+01
-4.379337593848214283e+01
-5.134277161491942465e+00
1.254661337163174650e+01
1.523172159057184238e+01
-7.839236024829638438e+00
5.637009549190518953e+01
4.473890477341534933e+01
1.749087812572861722e+00
9.963049634595041226e+00
-2.830805318308432561e+01
-1.532429580028642846e+01
1.056868388054073193e+01
1.827455447129006672e+01
1.373888659353679742e+01
-3.075015686039026974e+01
-5.153947988579446360e+00
4.957424735250432590e+00
-6.801746445925667572e+00
-2.422002808425732212e+01
9.852917477455141793e+00
5.546783891715054438e+01
2.136122397049335220e+01
6.645700240697046901e+00
5.362110657565128236e+01
4.070640797221470564e+01
5.824753779327053849e+01
5.362129209801182839e+01
4.670486552526479329e+01
5.136841494684924925e+01
4.739223437167286335e+01
7.796436470460968771e+00
1.942647797379849806e+01
2.129227791748616738e+01
4.756613356079600408e+01
1.929599097613372338e+00
-1.980247895040007577e+01
-6.102281958749769331e+01
-1.448565239808121063e+01
-3.113735337410768267e+01
1.745488206579507207e+01
1.743974110207360795e+01
1.580225772635190751e+01
1.555889744623944715e+01
-2.199719383390517180e+01
-7.634215663492531689e+01
-7.775844122344386378e-01
5.025178069067182562e+00
-2.879947690491628975e+01
-2.431812266528371680e+01
-1.104500019807933597e+01
-3.584881846999495281e+01
-1.440771755911885066e+01
-2.225380610740533882e+01
3.193696992885953989e+00
-1.522161311893480473e+00
-1.258379928554632343e+01
-1.276442533754076969e+01
-3.095751535313385006e+01
-6.412495535035824901e+01
-2.331746716065165259e+01
-1.228840449014090126e+02
-9.210708134808338343e+01
-9.218539524693636622e+01
7.764971419209703463e+00
-5.175729554881398542e+01
6.900144097159124357e+00
-3.782414418324715655e+01
-3.318479265783234666e+01
-2.604238953967200487e+01
-5.506634947291307469e+01
-5.428298956241819440e+01
-8.371902873833241188e+01
-2.613357939631893956e+01
-8.830859334684072337e+01
-2.914095155937271642e+01
-3.484558787184801076e+01
-7.919113644267685004e+01
-9.322645029919758741e+00
-2.621036304371903469e+01
-3.529163412147929080e+01
-2.321278516113050117e+01
-5.739195662496628358e+01
-4.619122881138003400e+00
1.471751280820046048e+01
-3.180611323531954326e+01
-2.530989471536079094e+01
-2.805897888777487914e+00
2.104589511995381201e+01
-1.989982881788476377e+00
2.407677119408934630e+01
-8.889884793163291832e+00
5.947633419526680143e+01
4.064151944815110795e+01
2.326676527702526442e+01
-3.068691352550458262e+01
-1.593559292005847894e+01
-2.304181294429711357e+01
2.322811362267450619e+01
2.240246397194172800e+01
3.153618528485495176e+00
3.550999685632991998e+01
3.604309008626945143e+01
2.916680613838473768e+00
-1.072229030352932533e+01
-1.356212373965516882e+01
-1.948334458446507433e+00
1.843602054632151521e+01
-2.700485725374475621e+00
1.003308099339324322e+01
-3.049310165355383617e+01
-1.604664614977114567e+01
-5.504604136578571172e+01
-3.017779513106637168e+00
7.047813113939639607e+00
2.252104389047713262e+00
5.889708555593230699e+00
-3.869988859330240061e-01
-1.863858551225489890e+01
-1.554551532284740389e+01
6.212494321159046251e+01
5.535821956099971430e+01
4.200879502117801678e+01
2.914656150160300996e+01
-1.543187989818461858e+01
-2.639107139941562252e+01
1.752722015865567329e+01
-1.748799708331210212e+01
-1.167233324930187344e+01
1.942845531458049280e+00
2.230906255615865774e+01
1.165983151512609517e+01
-2.073264908321302613e+00
-2.649336869255172644e+00
1.991875663094384663e+01
-3.583393880191542813e+00
1.485481415007961026e+01
1.321673974301988252e+01
4.556066947626499797e+01
7.686617146570259251e+01
5.537675093111609925e+01
4.792364073406583103e+00
9.744047457691291214e+00
-4.883192308100731793e+00
4.066422875852087948e+00
-4.055154137250767121e+00
4.277487424906431812e+01
2.209296747724242493e+01
-4.620455965456260472e-02
-9.481403062237719226e+00
3.578517983014872783e+00
-2.682672872927531671e+01
-4.457059744872967855e+01
1.345932982007014722e+01
-2.513773423890141245e+00
-3.614024583923291090e+01
-3.865535747649778386e+01
2.233308163961318726e+01
-1.469227629397943957e+01
2.732372933746397337e+01
1.268024559086470049e+00
2.676842662823686680e+01
-2.141284057371180793e+01
1.820724213041111739e+01
4.955680057246154036e+01
5.732772563180368053e+01
4.832582844732007743e+01
4.296419757313642407e+01
2.374666331592233348e+01
-3.876649027247589885e+01
-2.483615989803746871e+01
1.272370723536208459e+01
-2.308497018099614095e+01
2.931900649222519917e+00
-1.694256862885743331e+01
5.818921933551869152e+00
-2.140716735505715818e+01
-2.368388012627887562e+01
-1.640230098305234918e+01
-2.029271121042196313e+01
-1.677494985016036111e+01
-6.870053418468739892e+01
-4.955599433944811949e+01
-9.233807292134221356e+00
-4.541056491153172203e+01
-3.709893087374047127e+01
-6.481865584016145476e+01
-9.702112718126441848e+01
-1.252359868943834442e+00
-3.682854352285023936e+01
-1.829675334642148243e+01
3.745305530022124518e+00
2.072332088639737435e+01
6.144232557582543564e+01
5.809006559002975223e+01
3.079795542700224331e+01
1.263159590283427036e+01
3.899634769285573732e+00
-3.308769571030320833e+01
-1.467536201655258221e+00
-6.957950625313220172e+00
2.235251835910043638e+01
1.539054295961285845e+01
3.170900094056473506e+01
2.320903619991524502e-01
3.286539245933659714e+01
5.423468550539639921e+01
7.391706329160263067e+01
1.568278295460993732e+01
-1.004828725652649446e+01
-1.732832961544987072e+01
-6.794672016961904149e+00
6.902689397566032170e+00
1.330188685840286666e+01
3.969520956134982725e+01
-2.796233200835256838e+01
-4.959831408381077722e+00
6.578508346908131799e+00
1.159282087231456870e+00
-2.419638947421460884e+01
1.545396254365065225e+01
-1.968328531048945607e+01
-3.303168850231035947e+01
-4.864034543060211035e+01
-5.435516826333751794e+01
-4.284422433571563715e+01
-1.908722979302166323e+01
-3.210184004701930860e+01
-4.033330586942350138e+00
-1.030763506070530866e+01
-3.873524390917954463e+01
-8.188664781722660280e+01
-7.665828844923427710e+01
-4.816001793892164073e+01
-8.843012191379133924e+01
-6.674352137746060976e+01
-6.779037397873656801e+01
-3.036323401167073222e+00
1.178095564266594586e+01
-9.546446387535045375e+00
-6.823489684833846880e+00
3.809147307546562189e+01
-1.869662248311042063e+01
2.145192693110680082e+01
-2.103242592303000080e+01
4.626406208336942427e+01
1.931320088820557856e+01
2.379749336388912440e+01
2.625743939100437885e+01
1.408084058913294179e+01
-7.838270474179147129e+00
-6.306599448172761413e+00
-5.787645512921650948e+01
-2.424298177811959931e+01
-3.548985004996102077e+01
-8.643970735109239456e+01
-9.602496962651264312e+01
-7.843564136747898985e+00
-1.586352096159046177e+01
-2.253933857469424140e+01
2.572036020659928113e+01
3.300209163773367038e+01
-2.000611601141945783e+01
1.170992669918696905e+01
6.565481555497915167e+01
5.437703209202645382e+01
1.561391557956587661e+01
7.723516192215489795e+00
-1.781005313962158709e+01
3.708169336466919930e+00
-1.819023722873966520e+00
-2.885509814092084824e+01
3.273103106050653821e+01
5.359543208524181779e+01
3.294369747126101799e+01
1.757972999716338691e+01
4.362165400626023626e+01
2.817727456107643036e+01
1.053842513499431277e+01
8.836924198219460891e+01
-1.645701542682758145e-01
2.688281094596510812e+01
4.778213494067376388e+00
7.940397034432399082e+00
-4.431148028703146835e+00
1.026457317952236892e+01
2.572663024388035780e+01
1.793648435070867464e+00
2.471560478654874871e+01
3.197030818829491494e+01
1.644402455482038405e+01
9.482863686757932342e+00
3.202283403140588547e+01
3.063423273034786476e+01
3.689877450666046599e+01
-4.914582980080208330e+00
4.661155079661116218e+01
4.758564964472684267e+01
2.640152297575878748e+01
1.462008694348297055e+01
2.915177445506816412e+01
-5.923528913565320408e+00
1.342947239321559394e+01
-8.416758331875865196e+00
3.924042110332150557e+00
4.889035112642417857e+00
2.023117082829264390e+01
1.157816157836869486e+01
3.164633866674195772e+01
3.426824716533400306e+01
2.024807276299634040e+01
3.079451653772757425e+00
3.364364482559672354e+01
4.763244373290550016e+01
9.917777095111901531e-02
1.834125848560054450e+00
2.239252308326979346e+01
3.533808368880495010e+01
3.504342895722376738e+01
2.611143904947276440e+01
2.412355091642161398e+01
-1.157363172006375329e+01
-5.579423610145628487e+00
2.736440082825814102e+01
1.350730324541499705e+01
5.139644907853156042e+01
2.803407627876312347e+01
2.271450717370757033e+01
-5.234988061792106961e+00
2.524672725825563901e+01
3.237305610145644152e+01
2.437385988232128398e+01
5.818632416063334034e+01
4.757072239182609508e+01
-1.890738169543367775e+01
2.842643370753712873e+01
1.443382890538066476e+01
-2.137473007332603814e+01
-5.295259286371962304e+01
-2.123478939532023446e+01
-5.437603631636573454e+01
-4.054918834488306345e+01
-3.316178393083456655e+01
-5.364136199508632785e+01
-2.647657719267185072e+01
-7.012886634061177915e+01
-7.384288238250888980e+01
-3.580709546879796790e+01
-4.760705949773247880e+01
-2.143084621316005922e+01
9.696471244372510512e+00
6.204910620970466084e+00
5.914053814632329420e+01
-2.704400913687334196e+01
2.914607274094974443e+01
1.259745736844824826e+01
3.127045037985915954e+01
-1.626994827851954639e+01
1.161293996827813046e+01
3.218779044525541622e+01
-8.364829814078870385e+00
1.181408980536443032e+01
3.124350974181809093e+01
4.379103386455253855e+01
2.195713208215004641e+01
-3.969601314717874629e+01
-2.812409611993809122e+01
-7.317436644965445680e+01
-5.905663814163371939e+00
2.225103477804833219e+01
5.260214329513362230e+01
-1.244943235944075965e+01
2.586826821554716105e+01
7.815692148404282946e+00
9.491924552963380002e-01
3.030302879024026197e+01
-4.647086263797953976e+00
3.754317323880236756e+01
-2.416041946037800159e+01
-1.461531032741125102e+01
-1.690999738987556711e+01
2.234097237726095742e+01
3.816183815278167657e+01
6.027758694622552582e+01
6.688515714703454762e+01
4.674851328916960824e+01
2.808756153067926320e+01
3.910037362614407641e+01
-1.969862454653769301e+00
3.641205496128103292e+00
5.741971515876880261e+01
1.434936016967535188e+01
2.540794570586777823e+00
5.116235845888407141e+01
-1.084226126539724078e+01
1.070012426967585739e+01
7.530664656282834990e-01
2.341809454506231347e+01
1.077396062956865208e+01
-1.177173167802067155e+01
3.861028556198415629e+01
9.517039066465947883e+00
-2.623991863605992592e+01
-3.034811025036557197e+01
-5.058748013252099440e+00
-2.630652690827560392e+01
-4.863781352220853194e+01
-5.092302357251300648e+00
-2.903074259279220115e+01
-2.178140499400765862e+01
-8.645147206793176053e+01
-7.782618582244460015e+01
-7.875184540229778918e+01
-4.762031230785058256e+01
-3.166772142394498957e+01
-4.354429119315587826e+01
-5.922604018380911839e+01
-4.172016328731329082e+01
-6.667013979992819372e+01
-3.507096236271793543e+01
-5.417777542629707455e+01
-3.593795205973375317e+01
-1.840847020870993944e+01
-4.441011771754143922e+01
-2.612038972875981102e+01
6.479322238756672014e+00
-1.641556309442782435e+01
1.370448538358869150e+01
-2.727711445297219583e+01
-4.005208494100147476e+01
-2.155175587815732996e+01
-4.687091104589082136e+01
-2.765002173374863759e+00
1.963763673971855539e+01
1.833979358897539313e+01
7.314459476486271683e+01
4.300137509212947862e+01
-3.665489722465426325e+01
6.873963619964349903e+00
1.428783530249648237e+01
4.933927846674713180e+00
3.602232047779610014e+01
-2.447859514733399777e+01
2.490732271040993240e+01
1.605374236003151012e+01
3.671488787626216066e+01
3.086881470865064614e+01
4.688961915386473223e+00
6.176891747330606108e+01
1.074016234851092300e+01
-3.367946931924750231e+01
-4.953316402259093820e+01
-4.153828661123607446e+01
1.264947437375863615e+01
-2.022777030895749562e+01
-3.266369212810508316e+01
-2.907390436136646628e+01
-2.866094326488034483e+01
-5.791802098138809640e+01
-3.292445566134819757e+01
-1.302181000417499490e+01
-4.068612695858843153e+01
-3.788206750380638255e+01
-7.041244338110871581e+01
-5.142554905649649299e+01
-2.398998031683301235e+01
-3.307450853714414762e+01
2.687974882025814694e+00
2.048587671314581016e+01
-6.660595575709401750e+00
6.915400035600037576e+00
9.119492000586157943e+00
3.099917096005232509e+01
2.807426272126261679e+01
-1.053840518396640391e+01
-1.709761761205108144e+00
-2.678136137431424402e+01
-4.203343084195560664e+01
7.829943334230385688e+00
-2.951881199146401791e+00
-4.788095904972458783e+01
-4.551190452490536131e+01
-2.758213222485460747e+01
-6.013061032661636318e+01
-3.784050326008838283e+01
-6.115934547949165534e+01
-5.629622703061024680e+01
-2.783437001561081559e+01
6.927496901034334797e+00
-4.858770657791699144e+00
-1.831309614372700167e+01
1.830234375120857138e+01
-2.819650034285928086e+01
-6.266102239376439087e+01
-4.263936738478874133e+01
-1.381358016082201701e+01
3.277146787525790472e+00
1.008380335921579274e+00
-6.264048439742114738e+01
-3.881753354236910525e+01
-3.319634883450838458e+01
-4.845001389194619890e+01
-8.568212763892447015e+01
-6.884111216039211456e+01
-5.780874599455001039e+00
-1.285120914222994948e+01
-5.022859459943109073e+01
2.921422611075646714e+00
8.830656357075369556e+00
2.453330426110029094e+01
5.380361678711199858e+00
2.817519505844065009e+01
4.407219417266853867e+01
3.598949283515673159e+01
6.027150841018968919e+01
2.723743483756228656e+01
-1.555392996918664217e+01
-1.725818432691745130e+01
-2.714237124154036351e+01
2.813954808617212322e+01
7.985760120917041682e+00
2.884959609549690107e+00
2.408490894451339059e+01
3.056322148064538169e+00
4.742069703859831975e+01
-2.886687585645294263e+00
4.844623545860947189e+01
-3.882606435102793796e+01
2.036309195766176217e+01
1.977588193341950351e+00
-1.019150575565730676e+01
-2.696551824119705287e+01
-2.316622413720509854e+01
2.819556438266979725e+01
6.186467672352038960e+01
-5.248299472996606596e+01
1.212416473297923858e+01
4.296844626597133754e+01
-3.760109664408165742e+00
3.577778065008244113e+01
1.270363007754027151e+01
1.549575634254247447e+01
-2.896847605141195547e+00
-5.533501061427674017e+01
-5.059589650966111662e+01
-2.861447901503163749e+00
-5.860447458660772213e+01
-1.757747215385664319e+01
-5.886261882589756311e+01
-6.597864128670691741e+01
-4.005689414626724698e+01
-4.478559011528402323e+01
-1.939594112113075752e+01
2.134815451611671122e+01
-6.661100750922788194e-02
-1.952931423302349145e+01
-6.409556417689896080e+01
-4.406932085874234417e+01
-3.010824381383032389e+01
-6.211750229093239994e+01
-2.036820256168645571e+01
-2.042299407224302499e+01
-5.101620331213839066e+00
-6.929649337557446387e-01
-3.131829939750228053e+00
-1.934406384185490424e+01
-3.129728653774345659e+01
-2.238531619602066769e+01
-2.097499372334622691e+00
3.795515562594719228e+01
-2.893638581886468053e+00
-2.323234167667694194e+01
-3.947555593853262224e+01
-3.735407551385215186e+00
3.338737746062023604e+01
3.328998625253342425e+01
6.267795805538590059e+00
-2.010196174336348918e+01
-2.979896995200035370e+00
-1.436486220317464202e+01
-1.845809663596031669e+01
-1.535476553996717897e+01
2.818833492132464613e+01
2.457871629087728849e+01
-9.968937277299474431e-01
-8.748081129209612783e+00
1.482089951747237144e+01
1.321187185385524998e+01
5.512135197382778529e+01
-4.271983324783009550e+01
-6.682679459902964858e+00
1.350865939287363027e+01
-2.413404040309168863e+01
-5.440742132583312696e+01
-1.444913256557882875e+01
2.910097009406592150e+01
-2.535820041250601875e+01
-3.866630808144323339e+01
-3.358902779739624123e+01
8.423561442956835066e+00
-2.232445956756372141e+01
-4.350556952330938998e+01
-2.969217929986200843e+01
-5.512822715369327398e+01
-2.888924589642814311e+01
4.047663872494744197e+01
2.509321833885953268e+01
-4.422598713211104382e+01
-2.314674666857316865e+01
1.951859870762172733e+01
1.989807700107572241e+00
1.248043249078664729e+01
-8.766905203347445052e+00
3.969566778216718106e+00
5.364169977229236963e+01
-1.056350829974470962e+01
4.931445307095627228e+00
-4.673146894489430103e+00
1.493049692824934027e+01
4.135078927399540305e+00
-6.687973149750978230e+00
-9.968184158894892732e+00
-6.968223558645835425e+00
1.730041907116925870e+01
3.522953517367249532e+01
4.371720485967485814e+01
-2.833269978212595319e+01
1.265428656623371495e+01
-2.255171927061368464e+01
-2.247811254195042352e+01
-1.797349767895865202e+00
-4.199017766477801672e+00
1.031493896370576202e+01
-4.737504449261265194e+01
-4.967081992082524877e+00
-2.509182728204393698e+01
-4.179013670548324200e+01
-6.529735645664577248e+01
-4.073376952548260022e+01
-3.404752635161322161e+01
-7.846414085854539167e+01
-3.577849275315877264e+01
1.258802470222956416e+01
1.456443681854144501e+01
7.514143576376393519e+00
4.858692340377579910e+01
9.716870002184954558e+00
-5.592961494263294142e+00
5.876664220537655581e+00
-2.347482861507917917e+01
-5.909725528684120377e+01
-1.927934997417098018e+01
-5.011259104553369781e+01
-1.757662004596381422e+01
6.649358410002517594e+00
2.038063334988320108e+01
2.771105930292510067e-01
3.974251229968507459e+01
4.153211789066546089e+00
1.355106592513221564e+01
1.437236961526999579e+01
3.024696625990377896e+01
4.790213812859834164e+00
1.152713551476662168e+01
1.822193701789832687e+01
4.853343841647723877e+01
-1.143547413934703982e+01
-4.971320682483519704e+01
1.171269544641099536e+01
-2.062822738073029072e+00
4.186993377825805851e+01
2.120336455046200541e+01
8.667468230832461984e+00
3.976028837439646679e+01
1.333254008691594272e+01
-3.941834437435930028e+01
1.261360229238104225e+01
3.875979517598123891e+01
1.859570665931728328e+01
-4.156658503236764091e+01
-1.672362985432295446e+01
2.231810438110919392e+01
-1.154841474389595746e+01
-4.667102311274284432e+01
-2.234607561965203715e+01
-1.917965879957875330e+01
-4.164328637636511843e+00
-1.651946103427389900e+01
-2.611038029285700901e+01
-7.367813463335671997e+01
-6.190473276037248240e+01
-1.882595380048612554e+01
4.219083961601612032e+00
-3.519335471329836906e+01
-2.418295947892362818e+01
-3.965880809519143213e+01
-7.707209053118861064e+00
1.041125236031240675e+01
1.352901088312348676e+01
-1.169521727351267515e+01
1.749946556624852434e+01
-1.096709308922733328e+00
2.592942537228746502e+01
1.829419883794230017e+01
1.170390258281617335e+01
8.921232706883030161e+00
2.725215252921356068e+01
4.660935047982020052e+01
1.476662390623697974e+01
-3.859988926929430875e+01
-7.855831644040479844e+00
8.648590344019456921e+00
1.621054807494806482e+01
-2.759362434837039757e+01
6.426836335663925581e+01
3.367291097610910100e+01
2.626165767924956285e+01
4.433790200545462312e+01
1.433862414323171564e+01
7.049848424163046445e+01
3.388244861120180218e+01
2.050487812717133096e+01
4.471351032565407024e+01
3.047963230705484605e+01
7.402030646996115593e+01
3.015070978632043008e+01
4.112554456829485616e+01
1.339769073529303789e+01
-1.279200371196888852e+01
-1.419891478039584598e+01
-3.959109760711515946e+01
-4.848337192161203291e+01
-5.326285492226627838e+01
-3.021030883444958448e+01
4.810937497513538119e+01
-5.480124297854231941e+00
1.204622492649630061e+00
-3.396192225227572692e+01
-2.546894641728931319e+00
2.713008933875009987e+01
-3.487182446307932082e+01
1.369650461887628623e+01
2.718939165703105232e+01
6.775914079967471082e+01
2.891669366030445687e+01
-2.345211560456993283e+01
-2.680702382848750176e+00
1.138379516977424188e+01
5.879838021276062676e+01
-7.625956515330365448e-01
6.737950194778578705e+00
-1.729440489235024359e+01
-2.316078098206215685e+01
-3.011088329001658082e+01
-5.871166137003093866e+01
-3.441816653053389530e+01
-4.063428099151262529e+01
-7.265688892418555156e+01
-5.124695441361907911e+01
-1.148773111316640794e+01
6.387456413840704172e+00
-4.646476156501618959e+01
4.850905677770986024e+00
3.896670855694462432e+01
-6.783981797240827838e+00
-3.193165947019679507e+01
7.645172965330482739e+00
-2.547865065136377183e+01
2.046681314530466977e+00
-1.874629879437274838e+01
-2.725263127154886789e+01
-4.046629983886743531e+01
-3.299050979069617995e+01
-1.645435090632863506e+01
6.031349048566662319e+00
-1.824192504979211549e+01
3.925104135564266983e+01
4.093648429140399259e+01
2.723125931181902359e+01
3.206372041105383097e+00
-1.084779206802635798e+01
4.062215306748386467e+01
1.923727434317488871e+01
1.784899020848953910e+01
3.591941042159552211e+01
4.190022442685430804e+01
3.186996247196133325e+01
-1.889301325278641741e+01
-1.263034419688722920e+01
-7.599439693650793970e+00
-3.869128610013333969e+01
-6.502032917967106584e-01
-2.427784823310889450e+01
-9.671771625512871395e+00
-4.137346131167360852e+01
1.479320995249938520e+01
1.014229654771850342e+00
3.877402985662599377e+01
4.975612589226575722e+01
2.166708855599005545e+01
1.922884364592508533e+01
-6.854892838174425407e+00
-7.648647002921117988e+00
3.417654143244367049e+01
-4.174417498724743325e+01
-5.090157973064391328e+00
-3.037277991421508005e+00
-1.346716847065822265e+01
1.199470858733935863e+01
-1.528012331787832778e+01
1.655773405556529099e+01
4.543125858744311785e+01
3.981550686958524921e+01
4.560617391620965577e+01
-2.457110979155796926e+01
-4.654497052182500028e+01
4.368989637542549431e+00
-4.028792130885312872e+01
-1.045106352037189268e+00
1.088297701202912293e+01
-2.128417454327983904e+01
4.991881622606069868e+01
5.337567833139951290e+01
5.725497029748586897e+01
7.814859202542328376e+01
6.784426079880084615e+00
1.011808918624673481e+00
7.868559031969297735e-01
2.754874980717641009e+01
1.245972725323795416e+01
3.076578483979572098e+01
-3.884941942739237675e+01
1.250621285165174434e+01
1.280103864392236090e+01
-1.363120728692611827e+01
1.087632643394809939e+01
-1.645976658483557031e+01
-3.251149075323950655e+01
-3.307478313966846883e+01
7.718441695325388707e+00
-2.139326848367614531e+01
1.889134239062731258e+00
-3.693673079534730164e+01
-7.922274824543066529e+01
-6.307522471889973303e+01
-9.009509243324702155e+00
-6.678353089668664211e+01
-3.404264147219004144e+01
-1.265222488119466249e-02
-3.812713329303433873e+00
1.669377742639484197e+01
-1.041842027798467285e+01
3.932317425282747081e+00
-2.848371829938653121e+01
-4.476703358579288761e+01
-3.154364115188130313e+01
-4.670202140967214888e+01
-1.221972478455182909e+01
1.680106447373938039e+01
5.123032158618831211e+00
4.464066912429004219e+01
4.352139765712976782e+01
5.692901469302502448e+01
1.845107969156124028e+01
1.634788990541555265e+01
-9.704112441428378588e+00
-6.057983869849791425e+00
-3.223080886240437337e+01
-8.710369908492051394e+00
1.916426524039522405e+00
-2.870088705359242098e+00
1.918102556250319424e+01
-3.979796986291916028e+01
-1.075842528804716025e+01
2.653717881129099965e+01
3.585900586304196480e+01
5.450203530416770548e+01
5.419303033665742220e+01
3.208447506536830929e+01
2.153030217736149865e+01
-1.040208467390462133e-01
7.877246796637511039e+00
1.852569194360858873e+00
9.029158288439223412e+00
1.255795098959407063e+01
1.428819864233538794e+01
1.402204806456088448e+01
4.162109205065156914e+01
6.584974628949771258e-01
-5.889846493095777014e+00
3.810222823298678207e+01
3.703615464873097096e+01
-3.980846748790597189e+00
-6.974180053475501850e+00
1.232906996876612205e+01
1.350415638068498225e+01
2.518988844264484328e+00
-6.720591234516245294e+00
2.523565010459284608e+01
4.907119712452553983e+01
-7.893253084380329909e+00
-1.606342055327844243e+00
2.055600616921704216e+01
4.752377072050951767e+01
2.989813065378758949e+01
-1.695821071846885886e+01
5.427096954675789675e+00
-4.277807855834264217e+01
-2.391305736946420524e+01
-3.884712436372278432e+01
1.235917254969516321e+00
7.075556814055639521e+00
2.011861639195447893e+01
2.414804337979250448e+01
3.905799770976474861e+01
4.864944481624497286e+01
3.694844729697797447e+01
1.749764904118479336e+01
-2.450139820730224116e+01
-1.094120730960552379e+01
1.049480361935714612e+01
1.133681465554456658e+01
-3.784007081017827900e+00
-2.240930423724410758e+01
2.949965914799793865e+01
-3.472721353744427830e+01
2.061730383727946148e+01
1.052982317465830953e+01
1.951448599655012828e+01
2.514858441358212815e+01
7.361567564619575421e+01
5.571625655975846314e+01
4.004868853623304403e+01
7.657449299583918290e+00
1.265492989048102324e+01
-2.046215349715203580e+00
2.555138001598561104e+01
-2.034488584783782983e+01
1.149836362230964326e+01
4.215933066681094488e+01
5.242133347472883997e+01
5.523156094144294315e+01
2.863065596237002630e+00
4.971047420858641175e+01
4.470009901594632140e+01
3.597743142441878206e+01
6.863672190390677486e+01
3.957454914820255354e+00
2.613407898640100058e+01
-1.389559072232618320e+01
-8.862218318602366196e+00
-5.698867067603977432e+01
-2.740249444988688055e+00
8.805248832426986638e+00
5.977921471881980864e+00
4.363048118916437801e+01
5.231655253912006742e+01
1.465590919944235537e+01
3.490259707917714849e+01
-1.187952647437176168e+01
-1.068488772245110141e+01
1.279240334957984437e+01
-2.257571032613268969e+01
1.539581167731368616e+01
2.619495423118822686e+01
-2.107784703850315111e+01
1.198024060142720693e+01
2.842901554941121844e+00
6.336081561855203148e+01
5.892962072341320123e+01
6.015216490882792755e+01
2.807111803193502908e+01
-1.542259922246227966e+01
-3.526356639937831261e+01
5.752935309409530795e+00
3.535478135744091333e+01
-1.266646307049826348e+01
-9.642485815045027664e+00
-2.608468676207740700e+01
-4.844977518610016176e+01
-6.685734586683005887e+01
-4.647454795404376426e+01
-7.529431875556601028e+01
-6.154323776796228884e+00
-1.744434272118203921e+01
5.699702114277269516e+01
4.144274704806207410e+01
2.899564444662341955e+01
5.059744294689018318e+01
3.034553640139734654e+01
-3.599332475570169265e+01
4.733836101433150034e+00
2.375867362648089554e+01
4.743478432431228242e+00
8.514476669760890459e+00
-1.354437952846584281e+01
-7.899798783752996378e+00
5.053491299990866992e+01
1.591782008202685539e+01
5.342286240282239618e+01
4.810428469174608068e+01
1.849949336962362523e+01
-5.108265862123650436e+01
6.840709531304767665e+00
-3.873099896860826874e+01
-2.436336416575210251e+01
-1.749001691654923007e+01
-2.822537770919532463e+01
-3.372023331793922551e+01
-3.211642362998833278e+01
-1.358865023359440194e+01
-1.917679525591729828e+01
3.672141927430629949e+01
4.636500388503851866e+01
6.845675405112746148e+01
6.246663353706723854e+01
5.560276110704418073e+01
8.847744348458121522e+01
4.030230765360286682e+00
4.435247875406825813e+01
2.732092710626564980e+01
-5.336302447165797957e+01
-6.979731619222786954e+00
-2.430487958646687119e+01
2.726062478218556961e+01
3.176697332812981855e+01
5.988762635730244810e+00
4.122284157232343915e+01
1.097257217918925321e+01
3.215155931385022825e+01
8.948486478608479899e+00
-1.844018469450382369e+01
9.851819403809702891e-01
3.089128978781409174e+01
3.033896391054193487e+01
1.518768324612406673e+01
3.418936866499618077e+01
1.649373482572284999e+01
4.465437757182837686e+01
-2.307587364039028088e+01
-8.769339736160304710e+00
-3.790925269081289173e+01
-1.404056989303667358e+01
1.342451696782836912e+01
5.787330911725033999e+00
-2.403391070674574337e+01
-6.387177155668576489e+01
-3.298854293735156773e+01
-2.989811798254827124e+00
-2.405787752792641143e+01
-5.903297638318594664e+00
8.047078891853962546e+01
9.094920822679137018e+01
6.535805413528652252e+01
2.928128112254035997e+01
9.868097657209773388e-02
-1.504546276458915344e+01
-9.892642241418144522e+00
-2.421239792071856911e+01
1.944575138792613345e+00
-5.944578716168376076e+00
-3.494271703142743490e+01
2.018177169497816337e+01
-4.561908214922550542e+01
-2.743579668388055737e+01
1.673690386996054968e+01
1.898673001438799446e+01
5.051336184374986260e+01
3.552136611655274123e+01
9.833080571760106636e+00
3.130631033205386160e+01
3.489283632402772639e+01
2.828504949406211466e+01
-4.275398078618234621e+01
4.093348197685098455e+01
1.527229953672717144e+01
1.643380708402226631e+01
2.532869656871397623e+01
2.830283369486233269e+01
3.128207262916708231e+01
-2.417596114573334987e+01
-6.919236710568807780e+01
-3.767794697824008665e+01
-1.109428305008905014e+01
1.187586928990869772e+01
-2.542211786386643269e+01
-5.596635423948617571e+00
2.132810136903758291e+01
2.515609592344030432e+01
-5.911968796514067037e+00
-1.360419002829844359e+01
-9.463006448990491037e+00
-5.970049974978810070e+00
4.481339980093594022e+00
2.092082077109391758e-01
-5.500793684999042199e+00
-9.363605234230181651e+00
2.835746448307296053e+00
1.387196694966406696e+01
-2.471792529484483936e+01
-2.246838565630454099e+01
-1.345849554066563591e+01
-3.403498744122364883e+01
1.330846929530342848e+01
-5.974049725809600808e+00
4.718421261890797069e+01
1.545138314365738630e+01
-1.443430449720077924e+01
4.506385998875166621e+01
4.246910625642270531e+01
1.252356981421969984e+01
-1.348407043034516306e+01
8.656790046205554034e+00
-1.648463480061132813e+01
-2.735136449904231881e+01
-3.583275462139312140e+01
-5.158828241308857798e+01
-6.308201455103514377e+01
-5.325249993327785347e+01
-4.756001063461614820e+01
-1.538729416492627777e+01
-9.640388079804335320e+00
-1.347654228339664861e+01
-5.897295132342462054e+00
-6.037900910266619903e+00
4.083226217855740714e+01
2.102149456838601793e+01
7.758744118816508717e+01
7.566688150151905745e+01
7.158525321832468080e+01
5.092369530188962301e+01
2.634569483709444171e+01
6.990705269050395998e+01
5.697030835959328243e+01
2.530122892859166228e+01
3.293905786830933380e+01
4.876263683526454429e+01
7.066774029888509290e+01
3.817399704993984244e+01
3.966735105873856071e+01
3.518309361807250291e+00
1.262830852478827026e+01
2.909145984388161565e+01
4.206688222070892635e+01
1.571666270637835972e+01
-1.734003605749885679e+01
-1.750454805641023626e+00
-2.640958959192872513e+01
-2.137536489273732343e+01
-4.273711706689467604e+01
-6.943098486823311433e+00
2.438434707387134992e+01
-7.809604375775164975e+00
4.776701066426468145e+01
8.168630723185085429e+00
-7.044314823900908351e+00
-3.283041303273942901e+01
-1.968265531813313274e+01
-1.741202769724881705e+01
-1.435518426561639416e+00
-2.114446931247573502e+01
-4.763189883046105422e+01
-1.949805971604839705e+00
-5.571546008640885006e+00
2.852288894715091061e+00
1.054984277213388921e+01
1.458617042213318271e+01
1.937864323667621846e+01
1.317732347022734452e+01
2.628383146981079577e+01
1.429784450121857020e+01
2.018416004941752817e+01
2.610610933637995501e+01
6.142831880801830380e+01
7.745169073730960463e+01
8.054760718992888258e+00
-3.692453778165867817e+01
-1.557832544066630298e+01
-3.973135645532718474e+00
-3.989563857470646724e+01
-1.262085421652682982e+01
-7.755628552872550152e+00
1.816922958750313555e+01
-6.140328552715624255e+01
-4.097786319611768135e+01
-3.376725195524034717e+01
-5.902591182628390243e+01
-2.885105822338654491e+01
-4.868777382322660685e+01
-3.885849460386450005e+01
-8.620859329342998478e+00
-1.952278999858352648e+01
2.746389474100579875e+00
4.059936966226899102e+01
-1.371078404395690242e+01
-3.007044714273876096e+01
-3.215320657022907369e+01
-2.917261906516301195e+01
-2.512773793345006368e+01
-3.781598345684930962e+01
-5.733789673071814974e+00
-2.925305410255072402e+01
-5.999268957622593490e+01
-1.069415135423376384e+01
-7.854215184198110933e+00
1.863654413219953199e+01
-1.953865446583947829e+01
-4.751219183723053163e+01
-3.963055997696775634e+00
-1.757487841413070839e+01
2.796650939704851879e+01
1.379915798705565422e+01
4.575797928882420962e+01
7.566176679864479127e+01
2.027648318589815091e+01
1.165669637960497695e+01
2.850214150893531695e+00
-9.574619952177769733e-01
-1.570289392376331250e+01
-2.406884127102033233e+01
8.638691268553923663e+00
-4.806725729240666212e+00
-1.671510810123445623e+01
-8.737822967462994583e+00
-1.876085288001710083e+01
-1.058469774511603667e+01
1.835503346683417192e+01
3.104729226016676336e+01
4.960770258093641161e+01
3.108223287093506215e+01
-6.560121218290076328e+00
-7.914201577070128835e+00
-1.573182423269679120e+01
-1.148415483371711510e+01
2.824017713116548478e+01
4.257641269970294218e+01
-8.860886029086042726e+00
-3.485893795710134668e+01
-7.320311014017823936e+01
4.113285698509933752e+00
-3.511412459591069535e+01
-1.560413811129087946e+01
-1.784434784933399598e+01
-2.942685590560755671e+01
-2.995523130759581321e+00
-9.711452213690398239e+00
-9.470246240616095434e+00
1.765913059963809317e+00
5.069422816064747650e+00
-3.374805970942645672e+01
1.539961332166195795e+01
1.824765761623469018e+01
3.007347748393242171e+01
3.022510461360989353e+01
1.016827607123136943e+02
5.375514642240997176e-02
-3.496025728450303660e+01
2.742283725059387933e+01
3.289043903102725608e+01
6.491907175910554884e+01
