0.0058323221000000005 0.039428737 0.32053768000000005
0.0058383945999999996 0.03937049299999999 0.32051947000000003
0.005922640000000001 0.03935265 0.32052932999999995
0.0058293132 0.039353280000000004 0.32051484
0.0059972855 0.039353514 0.32051788999999997
0.006000504 0.039375245999999996 0.32053869999999995
0.0059202649 0.039338519 0.32053967999999994
0.005848702999999999 0.039307671 0.32049299000000003
0.0057428648 0.03932229 0.32053912
0.005739666900000001 0.039353147 0.32054912999999996
0.005804554499999999 0.03936043299999999 0.32054954999999996
0.005841346799999999 0.039366187000000004 0.32055948
0.0057917304 0.03931770300000001 0.32052212
0.0057092958999999995 0.039325759 0.32051792999999995
0.0058593089000000004 0.039342697 0.32051634
0.005755691 0.039328295 0.32054768
0.0056185613 0.039328974 0.32053079
0.0056914677 0.039340637 0.32055966
0.005823742099999999 0.039356659 0.32049435
0.005873890299999999 0.039367785 0.32056855
0.0057819263 0.039373347 0.32051896
0.005532424899999999 0.039364647999999995 0.32054989
0.0057774639 0.039385553999999996 0.32053259000000006
0.0056664556 0.039357895000000004 0.32055771
0.005641365 0.039400039 0.32054152999999996
0.0055662033 0.039357848 0.32056868
0.005696989800000001 0.039351393 0.32047304
0.005677576500000001 0.03933996099999999 0.32057631999999997
0.0056966339 0.039358946 0.32055128
0.0056864983000000004 0.03937711 0.32057169
0.005829852 0.039390259999999996 0.32054273
0.0056847451 0.03938136800000001 0.32057698
0.005725369499999999 0.039425964 0.32055102
0.005799165099999999 0.039402117 0.32055913
0.005753040399999999 0.03943304499999999 0.32054309
0.0058601543999999995 0.039446371 0.32051448
0.005894244 0.039445205 0.32056834999999995
0.0058877595 0.039433887 0.32056908
0.005852164399999999 0.039436191999999995 0.32055154
0.0059140806 0.039358766 0.32055100000000003
0.0060458966 0.039407608 0.32052991999999997
0.0059107721 0.039411789 0.32053351
0.0060452668999999995 0.039410486 0.32050317
0.0058087572 0.03939944199999999 0.32055242
0.0058578725 0.039393543999999996 0.32051876
0.005747334300000001 0.039384499 0.32055289
0.0058084726000000005 0.03936017800000001 0.32053202999999997
0.0057637733 0.039342933000000004 0.32053956
0.0056946443 0.039329219000000006 0.32055699
0.005857668200000001 0.039336763000000004 0.32058554
0.005690359900000001 0.039352415 0.32053819
0.0056637725 0.039353917 0.32055901000000003
0.0057966636 0.039350255 0.32048209000000005
0.0057264486000000005 0.03933231599999999 0.3205509200000001
0.0057344697 0.03933074600000001 0.32052829
0.005674325900000001 0.039342507 0.32051434
0.005814947 0.039369602999999996 0.32050683999999996
0.005792159 0.039352408 0.32058109999999995
0.0059445885 0.03936874 0.32054766
0.0058213242 0.039333913000000005 0.32054839
0.005830284999999999 0.039345589 0.32050479
0.005799656700000001 0.039343794 0.32053891
0.005874798500000001 0.039344815000000005 0.32050611
0.0059268193 0.039358047 0.3205543700000001
0.005958148200000001 0.039371158 0.32050497
0.0058452064 0.039367298 0.32053940999999997
0.0059921118999999995 0.039330649999999995 0.32054846
0.0058478743 0.039341219 0.32050415
0.0057630064 0.039389841 0.32055627000000003
0.005631748 0.039350473000000004 0.32055611999999994
0.0059788527000000005 0.03933882700000001 0.32052864999999997
0.005831737700000001 0.039358757 0.32050871000000003
0.005806014599999999 0.039357389000000007 0.32053885000000004
0.0061281185 0.039357257 0.32052999
0.005821231800000001 0.039367668999999994 0.32055081999999996
0.005967751 0.039387429 0.32057516999999996
0.0056558218 0.039336206 0.32053871
0.0057564313999999995 0.039328279 0.32056414
0.005808085499999999 0.039374749 0.32053908
0.0058738934999999996 0.03938623299999999 0.32048512
0.005819240099999999 0.039352530000000004 0.32052979000000004
0.005796151500000001 0.039388969999999995 0.32056454999999995
0.0057564378 0.039327589999999996 0.32049349999999993
0.0057704161 0.039332381 0.32051283
0.0057183379 0.03935552200000001 0.32054129
0.0057720456 0.039366701999999996 0.32053928
0.0058760014 0.039359028000000004 0.32053137
0.0058846305 0.039346253000000005 0.32056103
0.005875414200000001 0.039369808 0.32054193000000003
0.0056983612 0.039330713999999996 0.32053268999999995
0.005760338100000001 0.039327933 0.3205294900000001
0.0058663521 0.03938153800000001 0.32052051
0.005833577000000001 0.039377914 0.32053989000000005
0.005955828200000001 0.039343192000000006 0.32054664
0.0058987269 0.03933684999999999 0.32056574000000004
0.0057860742 0.039356186 0.32051729
0.005944320099999999 0.03935420399999999 0.32053005
0.0056581355 0.039349932 0.32060153
0.0057145422000000005 0.039367379 0.32056387000000003
0.0057823707 0.039340547000000003 0.32055162
0.005586897499999999 0.039334932999999996 0.32054909
0.0058104441 0.03933224 0.32051929999999995
0.0057327485999999995 0.03933698 0.32054098000000003
0.005650236 0.03933636 0.32056085
0.0057819415 0.039355193999999996 0.32053363
0.0058142756 0.039343262 0.32053011
0.0057787484 0.039303693 0.32053247
0.0057436034 0.039305201 0.32055556999999996
0.005729584899999999 0.03929878 0.32052486999999996
0.0057101263 0.039337659000000004 0.32055666
0.005849399600000001 0.039346922 0.32055588
0.005862767400000001 0.039287472999999996 0.32053666000000003
0.005846335500000001 0.03931306699999999 0.32052176
0.005843639699999999 0.039317573 0.32053819999999994
0.0056917818 0.039318772999999994 0.3205367
0.0056569255999999995 0.039320679000000004 0.32052604
0.0057645254 0.039309724 0.32052971
0.005801284800000001 0.039308697000000004 0.32058888
0.005814961 0.039328679 0.32053993999999997
0.0057327034 0.039326687000000006 0.32056881000000004
0.0057156093 0.039322597 0.32053304000000005
0.005777626 0.039329578 0.3205321499999999
0.005755555 0.039319726 0.32055409
0.0056939391 0.039358649999999995 0.32055670999999997
0.0058263182 0.039320292 0.32056416
0.0057247646 0.039336373 0.32056825
0.005855352100000001 0.039326936 0.32053473
0.0057939854 0.039342416 0.32054815
0.005828574600000001 0.039377598 0.32055832
0.005686114800000001 0.039413184000000004 0.32055062
0.0057818784 0.039356696000000004 0.32051173000000005
0.005833606999999999 0.039371156000000004 0.32049314000000007
0.0058582124 0.03933468799999999 0.32056363
0.0057059013 0.03936963 0.32054700999999997
0.0056880189 0.039307295 0.32055476
0.0057792225 0.039340844 0.32053041000000004
0.005667198 0.039341475 0.32048997999999995
0.0056239872000000005 0.039287571 0.32050415
0.0056433837 0.039344883000000004 0.32053397000000006
0.0056474892 0.039314432999999996 0.32051131999999993
0.005909890900000001 0.03932379700000001 0.32051526
0.0056711438 0.03928820100000001 0.32054287000000004
0.0056990065 0.039311360000000004 0.32053671
0.005746264900000001 0.03930454 0.32051554
0.0056720741000000005 0.039272670999999995 0.32053157
0.0056271 0.03925553999999999 0.32056334999999997
0.0056986648 0.039297824 0.32051219999999997
0.0055870964999999995 0.039265863 0.3204997
0.005548014700000001 0.039259032 0.32056671000000003
0.005571891999999999 0.039279536 0.32052096999999996
0.005663175899999999 0.03932007 0.32054269999999996
0.0055729253999999995 0.039292409 0.32056437000000004
0.0055846828 0.039279032000000005 0.32047878
0.0055062281 0.039285439000000005 0.32055235
0.005655782399999999 0.039284774 0.32052231
0.0055976186 0.039313020000000004 0.32049135
0.0056637366 0.03925085 0.32053575
0.0056716236 0.039295601 0.32048574999999996
0.0057534346 0.039303732999999993 0.32049923
0.005641621800000001 0.039275616 0.32051608000000004
0.0056460370000000005 0.039291782 0.32054161999999997
0.005607517 0.039288086 0.32053176
0.0054987353999999995 0.039257389 0.32053476000000003
0.0056650999 0.039294711 0.32053573999999996
0.0057111486 0.03930091 0.32048989
0.005680291999999999 0.039287319 0.32049753
0.0056863816 0.039281393 0.32050287
0.0057474594 0.03929312 0.3205463599999999
0.0057118329999999995 0.03932748900000001 0.3205215
0.0056577269999999995 0.03928653 0.32050504
0.0055512099 0.039330552000000005 0.32053615999999996
0.0056039984999999995 0.039304129 0.32056691
0.0055943786 0.039321869999999995 0.32056116
0.0058164068999999995 0.039306685 0.32051196
0.0057320241 0.039308381999999996 0.32050470999999997
0.0056941812 0.039285388000000004 0.32049551
0.0056883864 0.039299440000000005 0.3205293
0.005533294700000001 0.039295037 0.32052972
0.0057318353999999995 0.039294366000000004 0.32051370000000007
0.005608759499999999 0.039332464 0.32051122000000004
0.005656685199999999 0.039310127 0.32056388
0.0057520997 0.039352662999999996 0.3205443
0.005779212300000001 0.039374791000000006 0.32054217
0.0058459598 0.039332111 0.32055384
0.0057148184 0.039331888999999995 0.32052959999999997
0.0057863844000000005 0.039345327000000006 0.32058017
0.0057627287 0.039324830000000005 0.32058251000000004
0.005881453 0.039341812999999996 0.32052965999999994
0.0054969125 0.039305062 0.32052665
0.0055936287000000005 0.039304729999999996 0.32053286999999997
0.005720420100000001 0.039264089999999995 0.3205713
0.0055787469 0.039345734 0.32055519999999993
0.0056396622 0.039282004999999995 0.32052318
0.0057213655000000006 0.039279675 0.32053523
0.005820801700000001 0.039305762 0.32054277000000003
0.005800349200000001 0.039322653 0.32050773
0.0056269407 0.039329473000000004 0.32055087
0.005626619899999999 0.039288769 0.32055724999999996
0.0056193651999999995 0.039299287 0.32053166
0.0056724994 0.039299959 0.32057996
0.005708185500000001 0.039304843 0.3205151
0.0056646158 0.039303884 0.32051866
0.005671998199999999 0.039295966 0.32054289
0.0055445831 0.03931859 0.32056152
0.005693332300000001 0.039302947000000005 0.32058063
0.0057542039 0.03926983299999999 0.32054547
0.0057901026 0.039295302 0.32056425000000005
0.005795807599999999 0.03929648300000001 0.32054375
0.0056667406 0.03931069599999999 0.32053028999999994
0.0056242486 0.039289752 0.32048803
0.0056461902 0.039345763 0.3205253
0.0057332442 0.039304711 0.32049532000000003
0.0057192422 0.039309421 0.32055942000000004
0.0058469067 0.039297259 0.32052822999999997
0.005819851799999999 0.039339787 0.32055318
0.0059455665999999996 0.039294947000000004 0.32053313
0.0058024268 0.039299647 0.32053177
0.005694825299999999 0.039316985000000006 0.32056234000000006
0.0057936568 0.039321111000000006 0.32059102
0.005718772800000001 0.03936695 0.3205355
0.005713333400000001 0.039310215999999995 0.32055089
0.0057409059 0.039318079 0.32054088
0.0058473163 0.039335585000000006 0.3204918
0.0056268255 0.039316543 0.32057164
0.0057490943 0.039322529 0.32055085
0.0057266213 0.039335299 0.32052185
0.005791030899999999 0.039326739 0.32051573
0.0058672137 0.039359448000000005 0.32050619999999996
0.005785627999999999 0.03935631700000001 0.32052932
0.005826475699999999 0.039347916 0.32056487
0.0057659035 0.039350109 0.32050135
0.0057447787 0.039368604999999994 0.3205604
0.0057694857 0.039348028 0.32055402
0.005674982100000001 0.039368844 0.32055717000000006
0.0058983465 0.039355786000000004 0.32053678
0.0058588173 0.03938188499999999 0.32055559
0.0058179369 0.03937426 0.32054663
0.005727853199999999 0.039301907 0.32052731
0.0058726232000000005 0.039333226000000006 0.32051323000000004
0.005719162500000001 0.039313974999999994 0.32050456
0.0057958373 0.039306785999999996 0.32048283
0.0057159885 0.039332284 0.32054749000000005
0.0059380288 0.039329593 0.32054992
0.0059504759 0.039355791 0.32056076
0.0056710447999999995 0.039357193 0.32055541
0.0057622854 0.039344843 0.3205235
0.0058399445 0.039359629 0.32050836
0.0055565232999999995 0.039371635 0.3205613399999999
0.005774950700000001 0.039383206000000004 0.32055540000000005
0.005890274300000001 0.039376682999999996 0.32053105
0.005759796499999999 0.03937650300000001 0.32051631
0.0057856384 0.039371497 0.32054433000000004
0.005895937399999999 0.039397822 0.32056452999999996
0.005871553999999999 0.039402397 0.32051447999999993
0.00603513 0.03941327 0.32059199
0.0057589869000000005 0.039371708000000005 0.32053990000000004
0.0058517124 0.03936375500000001 0.32053556
0.005868014499999999 0.039361983999999996 0.32054905
0.0056074116 0.039327761 0.32055354
0.005543600599999999 0.039346654 0.32053743
0.0057826846 0.039349882999999995 0.32051825
0.005556612800000001 0.039325815 0.32056723000000004
0.005677553100000001 0.03931922400000001 0.3205104
0.0056985868 0.039316829 0.32054014999999997
0.0055743288 0.03932912 0.32056188999999996
0.0057163726 0.039323979 0.32050537
0.0056863702000000006 0.03936844799999999 0.32056828
0.0057206564 0.039307685 0.32056534000000003
0.0056398512 0.039307723 0.32052075999999996
0.0057477716 0.039355631 0.32055906
0.0057351383 0.039338087 0.32053671
0.005900765399999999 0.039319673 0.32053669
0.005735509200000001 0.039376765999999994 0.32054147
0.0058569799999999995 0.039357112 0.32056154000000003
0.005952431199999999 0.039334671 0.32049784000000003
0.0059017173000000004 0.039358712000000004 0.32054859
0.0058402624 0.039323635999999995 0.32053872
0.0058997576000000005 0.03937034799999999 0.32049355
0.0059431153 0.039338896 0.32053257999999996
0.0059682083 0.039378308 0.32052787
0.0059017489999999995 0.039367585000000004 0.32049707
0.0058730602 0.039380332000000004 0.32050011
0.005827591199999999 0.039363316999999995 0.3205368
0.005811670400000001 0.039360897 0.32052917000000003
0.0059145332000000005 0.039365381 0.32055297
0.0059947125 0.039298358 0.3205321
0.0058652987 0.039346659 0.32055585
0.0058421845 0.03935489 0.32054083999999994
0.0057988597 0.039369294 0.32051116
0.0057351880000000004 0.039328811000000005 0.32053614
0.005728571 0.039355728 0.32053774
0.005780362900000001 0.039375716000000005 0.32056348
0.0058386912 0.039319786 0.32056662
0.0057875657 0.039363417 0.32054581
0.0056496974000000005 0.039343674999999995 0.32057586
0.005660734400000001 0.039330792999999996 0.32052502
0.0057189866 0.039313081 0.32054367
0.0056716656 0.039334047 0.32052706000000003
0.005957154500000001 0.039327048 0.32050996
0.0056725319000000005 0.039321939 0.32056628
0.0057071912 0.03931418499999999 0.32051743
0.005534664799999999 0.039306323 0.32054112999999995
0.0057734048000000005 0.039322581 0.32050608
0.005688034 0.039305682 0.32056183000000005
0.005582156600000001 0.039303651999999994 0.32052831
0.005767153 0.039317916 0.32050292999999996
0.0055946375 0.039280702 0.32052497999999996
0.0055794356 0.03930049 0.32053943
0.005570802099999999 0.039339034 0.32055543
0.005581717 0.039327711 0.32053642
0.0055538822000000005 0.039354175000000005 0.32047253000000003
0.0054519522 0.039342265 0.32050489
0.0056375001 0.039352225 0.32056025
0.005816024899999999 0.039362574 0.32058402
0.0057963357 0.039381344 0.32055431
0.0059116774 0.039378842 0.32055298
0.005703695 0.03938949800000001 0.32054562
0.005745644499999999 0.039396096000000005 0.3206112
0.005792311 0.039390558000000006 0.32054826
0.0057178984 0.039358246000000006 0.32056988999999997
0.0058271232 0.039347438 0.32056366
0.0057379977 0.03933919 0.32057975
0.0057603742 0.039384111 0.32054478999999997
0.0057642844 0.039366732 0.32056363
0.0055974232999999995 0.039376677 0.32056534000000003
0.005612737499999999 0.039352795999999995 0.32052143
0.005560808600000001 0.039379512 0.32052297
0.0057250565 0.039367479000000004 0.32053027
0.0057691085 0.039372027999999996 0.32052815
0.0055755747 0.039323011 0.32054886000000005
0.005642007 0.039356235 0.320524
0.0057021037 0.039351158 0.32053772
0.005660315 0.039365057 0.32057926
0.0056546947 0.039320569 0.32053663000000004
0.005727260200000001 0.039339254000000004 0.32052603999999996
0.0055917088 0.039307747 0.32059508000000003
0.005772675600000001 0.039347012 0.32056088000000005
0.0056999157000000005 0.039347468000000003 0.32057211999999996
0.0057657106 0.039359713000000005 0.32054527
0.005588198700000001 0.039353201 0.3205851
0.0056170663 0.039350451999999994 0.32055317000000005
0.005389152700000001 0.039340377999999995 0.32055824
0.005689580299999999 0.03932099000000001 0.32058134
0.005580876700000001 0.039317845000000004 0.32053431
0.005588501500000001 0.039329661 0.32055009
0.0058048954 0.039344075000000006 0.32052149
0.0057303311000000004 0.039314392 0.32055302
0.0055658527 0.03929356 0.32058995
0.0055415672999999995 0.039318440999999996 0.32055208
0.0057387404 0.039346665999999995 0.32050132000000003
0.005573637500000001 0.039339831000000006 0.32050704
0.0057739973 0.039340548999999995 0.32057143000000005
0.005792322700000001 0.039351878 0.32052432
0.005791486900000001 0.039363370999999994 0.32059165
0.0056863963 0.03938103999999999 0.32054234
0.0055557611 0.039330721 0.32055103
0.0057103868999999995 0.039290949000000006 0.32052965
0.0058626455 0.039349474 0.32054835000000004
0.005841208499999999 0.039338695 0.32056004000000005
0.005855659500000001 0.039361275 0.32054634
0.0058277386 0.039396749999999994 0.32053398
0.0056274359999999995 0.039385475999999996 0.32059199
0.0058093796 0.039398235 0.32055015
0.0059222375 0.039382646 0.32053356
0.0058367008 0.039415599999999995 0.3205678
0.0059137902 0.039439788999999996 0.32052891
0.0057818625 0.03947316100000001 0.32056086
0.0058629232 0.039430009 0.32057172
0.0057364398 0.039367924000000006 0.32051892000000004
0.005772378999999999 0.03937551 0.32057636
0.0056498291 0.039372083999999995 0.32058794000000007
0.0057107432 0.03938488899999999 0.32053924
0.0059185116 0.039402264000000006 0.32053233000000003
0.005887334400000001 0.039401732 0.32053853
0.005879599900000001 0.039409719999999995 0.32052099999999994
0.0058179589000000006 0.0393992 0.3205585
0.0058180744 0.03939380199999999 0.32052897
0.0058409985000000015 0.039429034999999994 0.32055050000000007
0.005753828 0.039379793 0.32059536
0.00598789 0.039409532 0.32058966
0.005869955400000001 0.039410931999999996 0.32059519999999997
0.0058075487 0.039423002 0.32054588
0.005901229 0.039443462 0.32057667999999995
0.0057984744 0.039403428000000004 0.32054934999999996
0.005793861799999999 0.039413582 0.32051928999999996
0.0059079904 0.039420316999999996 0.32055590999999994
0.0058689025 0.039395013000000006 0.32055477
0.005984791299999999 0.039373405 0.32053917
0.006050659 0.039368521000000004 0.3204953300000001
0.0059030600999999995 0.039396481000000004 0.32056831
0.0058134555 0.039387493 0.32050966999999997
0.005718452400000001 0.039411849 0.32057368
0.005708685 0.039374061 0.32057805
0.005938576499999999 0.039393199 0.32059524
0.0059036557 0.039396961 0.32058213
0.0058347944 0.039369554 0.32060125
0.005889779100000001 0.039385703 0.32061682
0.005826827 0.039358229 0.32057022999999996
0.0058461154 0.03935883799999999 0.32055552000000004
0.0057567535 0.039361806000000006 0.32053982999999997
0.0060436452 0.039390787 0.32054038
0.0059564712 0.039388904 0.32053432
0.0056775274 0.039378386 0.32052723
0.005905983399999999 0.039394836 0.32053263
0.0057837780999999994 0.039393475 0.32053717
0.0057525382 0.039386326000000006 0.32052165
0.0058510539 0.03941075200000001 0.32055553000000003
0.0060023989 0.039355926 0.32053947
0.005803575399999999 0.039393305 0.32053219
0.005792464999999999 0.039426172999999995 0.32057963
0.0059318378 0.039411849 0.32053437
0.0057176321 0.039397988999999994 0.32055701
0.0057909639 0.039407021 0.32057188000000003
0.005841318999999999 0.039406369999999996 0.3205575
0.0058580375 0.039367581 0.32052857999999995
0.0057643047 0.039346530000000005 0.32055967
0.005720952999999999 0.039375701 0.32057636999999994
0.0057416275 0.039379713999999996 0.32053008
0.005836387699999999 0.039359087 0.32059209
0.005778443100000001 0.039344522 0.32053646
0.005793093599999999 0.039333084000000004 0.32053032
0.005768662 0.039343593999999996 0.32055960999999994
0.0057333296999999995 0.03935363099999999 0.32057213
0.0058526925 0.039367592 0.32055906
0.0058179528 0.03935050799999999 0.32054733
0.0058717737 0.039334679000000004 0.32055869
0.005695631400000001 0.039351446000000005 0.32053502
0.0058290370000000005 0.03933946000000001 0.32054807
0.005752881199999999 0.039371368000000004 0.32055596
0.005782703 0.039341584 0.32057747000000003
0.0058944757 0.039360047999999995 0.32050873
0.0056672589 0.039337153 0.32053774
0.0057691215 0.039367668999999994 0.32057630000000004
0.0056229439 0.039377494 0.32058031
0.0056641772 0.039377865 0.32055763000000004
0.0057797132 0.039349195000000003 0.32056141999999993
0.00560629 0.039387486 0.32056839
0.005598305800000001 0.039354897 0.32056691
0.0056278221 0.039364463 0.32052071
0.0056193458 0.039343145 0.32053143
0.005862412799999999 0.039333459 0.32053354
0.0056750025 0.039323209000000005 0.32054874
0.005802797399999999 0.039399050000000005 0.3205361
0.0058734994 0.039401482 0.32054752
0.0060201316 0.039394074 0.32055179
0.005717760499999999 0.039421058999999994 0.3205795
0.0056605604 0.03940347600000001 0.32055544
0.005726098099999999 0.039382071000000005 0.32057685
0.0057932016 0.039367607 0.32051975000000005
0.005611035700000001 0.03935346000000001 0.3205018
0.0056530399 0.039321507 0.32053969000000004
0.0056476382 0.039344119 0.32053332
0.0056413969 0.039384198 0.32057461
0.0055666198 0.039346415 0.32055311999999997
0.005725563899999999 0.039370904 0.32058827000000006
0.0055872826 0.039367413999999996 0.32052749
0.005634725499999999 0.039341837000000004 0.32054934999999996
0.0056837924 0.039315473000000004 0.32049352999999997
0.0056629128 0.039360052 0.3205468
0.0057330678 0.039345456 0.32052948
0.0057771741 0.039329488 0.32051394
0.0057078353 0.039341084 0.32051383
0.005789468100000001 0.03934342 0.32056791
0.0057412928 0.039350328000000004 0.32051092
0.005768761799999999 0.039331423000000004 0.32051101
0.0057080515 0.039343913999999994 0.32054677000000004
0.0056221773000000004 0.039346202000000004 0.32054005
0.0057755001 0.039350338 0.3205242599999999
0.005785404599999999 0.039348146 0.32054169
0.005595833999999999 0.039376571000000006 0.32057556
0.005749684 0.039356915000000006 0.32054459
0.005688259900000001 0.039342902 0.32050396999999997
0.0056714996 0.039336131999999996 0.32056362
0.0056717174999999995 0.039334906 0.32053597
0.0058506033 0.039358574 0.32054083
0.005730970300000001 0.039331336999999994 0.32054657
0.005750884499999999 0.03932719899999999 0.32052259000000005
0.0056908182 0.039333787 0.32052141000000006
0.005695634400000001 0.039378859 0.3205084
0.005861887300000001 0.039302892 0.32052913
0.0056297401 0.039364939 0.3205185
0.005675873200000001 0.039341707 0.32056223
0.0057538425 0.039339048 0.32056533
0.005811785 0.039381563999999994 0.32052563
0.005711198400000001 0.039352128 0.32052424999999996
0.0058227857 0.039349985000000004 0.3205797
0.0057558298 0.0393751 0.32055680000000003
0.0058318102 0.039415276 0.32062061000000003
0.0058568017 0.039418727 0.32059559
0.0057603509 0.039381074 0.3205614
0.0059299165 0.039374884 0.32058069
0.0059942502000000005 0.039420735 0.32057535
0.0058754993 0.039385656000000005 0.32054576
0.005950198799999999 0.039323192 0.32050933
0.005883229999999999 0.03935688300000001 0.32055606999999997
0.0057516500000000005 0.039365975000000004 0.32052523
0.0058784108 0.039352323 0.32051142
0.0060596763 0.039340848 0.32055721000000004
0.0058120575 0.039313373 0.32055741
0.0057312032999999995 0.03929644 0.32056977
0.005879023600000001 0.039315515 0.32055029999999995
0.0057205703 0.039324466 0.32058169000000003
0.0057390466 0.039356966 0.32053836999999996
0.0059604363 0.039345023 0.32055537
0.005838460699999999 0.039319515000000006 0.32056358
0.0058491155 0.039351307999999995 0.32057671
0.0058839248999999995 0.039363366 0.32058240000000005
0.0057708904 0.039352383000000005 0.3205889599999999
0.005771908500000001 0.039353335 0.32053505
0.0058810633 0.039321806 0.32055074
0.0059597187999999995 0.039366752 0.32053217999999994
0.0057783515999999995 0.039361141 0.32051418000000004
0.0058653846 0.039358726000000004 0.32053771000000003
0.005816387099999999 0.039323333 0.3205242199999999
0.0057528464 0.039361848000000005 0.32050315
0.005706875700000001 0.039336855 0.32054618
0.0057671069 0.03933938099999999 0.32054996
0.0056999736 0.039363452 0.32050956999999997
0.005910809 0.039339846 0.32055482999999996
0.005858707900000001 0.039344210000000004 0.32057457
0.005827039399999999 0.039356269 0.3205297100000001
0.0056798968 0.039348234999999995 0.32053544
0.0058498676 0.039361125000000004 0.32049964000000003
0.0057824 0.03932701 0.32054895
0.0057835471 0.039348126 0.32055411
0.005739087799999999 0.039359675999999996 0.32056076
0.0056138768 0.039328601000000005 0.32053167
0.0056826386000000005 0.039324138 0.32055181
0.0056924911000000005 0.039320928000000005 0.32056585
0.0055695608 0.039339008999999994 0.32053568
0.0059648499 0.039388787 0.32054588999999994
0.0058639972 0.039361353 0.32048770000000004
0.0056748492 0.03933288 0.32054424
0.005659618799999999 0.039348137000000005 0.32048679
0.0057438703 0.039334260999999995 0.32049987
0.0057206786 0.03935414699999999 0.32056180999999995
0.0057759064 0.039354278 0.32053818
0.0057831463 0.039372655 0.32056118
0.0059013921000000006 0.03935328 0.32053929999999997
0.0057555908 0.039388204 0.32052657
0.0057724764 0.039406753 0.32059036
0.0057487914 0.039373635 0.32057523000000004
0.0057761954 0.039399700999999995 0.3205107
0.0059093241 0.039371312000000006 0.32056056999999993
0.0058493221 0.039321795 0.32055080999999996
0.005935393299999999 0.039369593 0.32051989
0.0059360886 0.039426459 0.32055441
0.005969723200000001 0.03936706499999999 0.32053898000000003
0.0059014743 0.039402606 0.32057172000000006
0.0057224953 0.039393041 0.32055959
0.0056625852 0.039416613 0.32059566000000006
0.0057438696 0.039425909999999995 0.32054142
0.005708172500000001 0.039379726000000004 0.32056362
0.0059505706999999994 0.039389076 0.32053718999999997
0.0057925643 0.039429668 0.32053486
0.0058792638 0.039400428 0.32056168
0.0057300033 0.039370617 0.32061055999999993
0.0058839146 0.039380415999999994 0.32053742
0.0057858575 0.039404118 0.32057417
0.0057024493 0.039359391 0.32057996
0.0057920948 0.03938886900000001 0.32053571000000003
0.005730322700000001 0.039389759999999996 0.32050646
0.005634559 0.039378647999999995 0.32055406999999997
0.0056955962999999995 0.039344681000000006 0.32057372
0.0058332834 0.039363136 0.32052276
0.0058066527 0.039365204 0.32051271000000003
0.005848301200000001 0.039358756 0.32052878
0.005833672100000001 0.039387310999999994 0.32051319000000006
0.0058334377 0.039389781 0.32051058
0.0057527093 0.039378407000000004 0.32053401000000004
0.005734751200000001 0.039377518 0.32055118
0.005618785100000001 0.039386564 0.32055043000000005
0.005924330400000001 0.039420176999999994 0.32056302000000003
0.0059030995 0.039367037 0.32052805
0.0057499866000000005 0.039392265999999995 0.32049748
0.0057205113 0.039336253 0.32051355
0.0057993968 0.039332089 0.32051530999999994
0.005768666899999999 0.039399472 0.3205772
0.005828996300000001 0.039335288 0.32052664000000003
0.0058898502 0.039384918 0.32052179999999997
0.0058631535 0.039379372999999995 0.32051685999999996
0.0060609277 0.039369342 0.32053062000000004
0.005938834 0.039362615000000004 0.32053907
0.006014170700000001 0.039420538000000005 0.32055784
0.0058925791 0.039355618 0.32059360000000003
0.005953697799999999 0.039385284000000007 0.32052365
0.0058668508 0.03941826 0.32053149
0.0058613915 0.039381849000000003 0.32050824
0.005865611299999999 0.039404671 0.32053248
0.00588792 0.039420240999999995 0.32051725
0.005882886499999999 0.039420512000000005 0.32053397000000006
0.005863563100000001 0.039423835000000004 0.32055197
0.0057907042999999995 0.039390187 0.32052738999999997
0.005829977700000001 0.039414235 0.3205234
0.005869983099999999 0.039395127 0.32056785
0.0059164325999999995 0.039426276 0.32049514
0.0058712535000000005 0.039427433 0.32054924
0.0057753128 0.039387134000000004 0.32054560000000004
0.005938253100000001 0.039390233999999996 0.32054557000000006
0.0058279423000000006 0.039387817 0.32058493
0.0058017191999999995 0.039342945 0.32057509000000006
0.005886996 0.039381342 0.32050794000000005
0.0058090615 0.039357927 0.32054010999999993
0.0059160692 0.039383983 0.3205747
0.005872461999999999 0.039391149 0.32053355
0.0059642767 0.039388940000000004 0.32055866
0.005712665400000001 0.039375578999999994 0.32053299
0.0056806907 0.039400328 0.32051898
0.005800291 0.039328844999999994 0.32056869
0.0058040348999999995 0.039352325 0.32056591
0.0057964418 0.039332589 0.32056089
0.0058578735 0.039362055 0.32055890000000004
0.0059030647 0.039365549000000014 0.32058672
0.005804567700000001 0.03938784 0.32053537
0.0058055426 0.039352502 0.32049368
0.005932054 0.039366029000000004 0.32054686000000004
0.0058387127 0.039367548999999995 0.32049088000000003
0.0057721899 0.039333058 0.32054376999999995
0.005758828400000001 0.039302429 0.32050455
0.0056770854 0.039329874 0.32051599999999997
0.0057686045 0.039280021 0.3205363
0.005773991199999999 0.039312206999999995 0.32051414
0.0058248754 0.039288079 0.32053825
0.0057314329 0.039309717 0.32057276
0.005841778300000001 0.039309861999999994 0.32051375
0.0056570145 0.039304807000000004 0.32052032999999996
0.0057253358 0.039318453 0.32053339
0.0057975747000000005 0.03933767 0.32051831000000003
0.0056678522 0.039333984999999995 0.32051602
0.005630637700000001 0.03932257 0.32053143000000006
0.005629224599999999 0.039338995 0.32053225999999996
0.0057000581000000005 0.039372335999999994 0.32056034999999994
0.005741657 0.039340785999999996 0.32054144
0.0058771694 0.03937326 0.320537
0.005799882899999999 0.039320688000000006 0.32055708000000005
0.0057165381 0.039348338999999996 0.32051871000000004
0.0058146065 0.039345226 0.32056346
0.0058040007 0.039365450999999996 0.32052054999999996
0.0056940516000000005 0.039314591 0.32052834999999996
0.0056691147 0.039309870000000004 0.32053718999999997
0.0058271821 0.039345914 0.32051884
0.0056664534 0.039316089000000005 0.3205122
0.005793438400000001 0.039337383000000004 0.32050879
0.005727906499999999 0.039349996 0.32051247
0.0058657875000000005 0.039312418 0.32048259
0.0057527832 0.039360501 0.32052864000000003
0.0057585944 0.039347641 0.32050755
0.0058529885000000005 0.039313049 0.32051259
0.0055376981 0.039295290000000004 0.32053670999999995
0.0056109707 0.039326417 0.32054607
0.0055966859 0.039347329 0.32051969999999996
0.005696048100000001 0.039322209 0.32052958000000004
0.0056500533 0.039360494999999995 0.32053515
0.005542411499999999 0.03934113 0.32054292
0.005633330600000001 0.039298687000000006 0.32051522
0.0057745585000000006 0.039333987 0.32050818999999997
0.0057140959 0.039323237999999996 0.32053055
0.0056273047 0.039314983000000005 0.32049556999999995
0.0057412777 0.039367478 0.32053903
0.0056098897000000005 0.039338439 0.32055310000000004
0.005622867 0.039327903000000004 0.32051976
0.005741813199999999 0.039325093 0.32055891000000003
0.005623061100000001 0.039306023 0.32056908
0.0055759463000000006 0.039318782999999996 0.32052179999999997
0.0056522619 0.039346793 0.32055439
0.005635949800000001 0.039294079 0.3205147
0.005597753300000001 0.039346980999999996 0.32056734
0.0056416103000000006 0.039366787 0.32054258
0.005559325700000001 0.03932035800000001 0.32056571999999994
0.0057568939 0.039342021 0.32058275999999997
0.0055520246 0.039330467 0.32055701000000003
0.0056669962 0.039349709 0.32053881
0.0056348982 0.039327025 0.32052385000000005
0.0058119956 0.039362733000000004 0.32051985
0.0058535282 0.039349620999999994 0.32055332000000003
0.005629292700000001 0.039364456 0.32055319
0.005784554199999999 0.039364386999999994 0.32056448
0.0057009008 0.039343108 0.32050608
0.0058580412 0.039347868 0.32051455
0.0056857933 0.039392356 0.32053819
0.0057220772 0.03932031600000001 0.32056158
0.005786677499999999 0.03937043 0.32053315
0.0057016299 0.039321911 0.32051696
0.0056402346 0.039358873 0.32054869999999996
0.0056548935 0.03934264 0.32051606
0.0057017208 0.039319781 0.32054737
0.0060241823 0.039335522 0.32053666000000003
0.0057660435 0.039329728999999994 0.32054787
0.0059362754 0.039349206000000005 0.32054744
0.005731324899999999 0.039359135 0.32051541
0.0058133071 0.039331424 0.32052459
0.0058269413 0.039319613999999996 0.32051458
0.005720770700000001 0.039351026 0.32054364999999996
0.0055951408000000005 0.039343547 0.3205681
0.0057477982 0.039375849 0.32055274
0.0057670061 0.039327353 0.32054855
0.0056950601000000005 0.039326804 0.32052346000000004
0.005668443699999999 0.039353669 0.3205826399999999
0.005701777000000001 0.03933168299999999 0.32051851
0.0056726869 0.039296796 0.32051594
0.005659036700000001 0.039333547 0.32050226
0.005528509700000001 0.039273447 0.32056091000000003
0.005726242 0.039327352 0.32053725
0.0057759651 0.039335591999999996 0.32052889
0.005614747000000001 0.039324052 0.32057984
0.0056314092 0.039327736999999995 0.32052636
0.005812522200000001 0.039290363 0.32052149
0.0056709038 0.03928792 0.32051848000000005
0.005732559900000001 0.039280636 0.32052767
0.005546085099999999 0.039323145999999996 0.32052057
0.0058023225 0.039317314 0.32055679
0.0057216565 0.039329511000000004 0.32053753
0.0057818201 0.039317991 0.32054372
0.0058228742 0.039313073000000004 0.32052012999999996
0.0057297461000000004 0.039353585999999996 0.3205235
0.005753252299999999 0.039354506 0.3205534099999999
0.0057336665 0.039331515 0.32053132
0.0057727005 0.039367774 0.32052472
0.0058485709999999995 0.039324205 0.32052073999999997
0.0056865323 0.039335183 0.32054168999999993
0.005782767999999999 0.039355652 0.32053337000000004
0.0058344607 0.039357789 0.32056145999999996
0.0058675441 0.039372172999999996 0.32054693
0.0057027482 0.039364887 0.32054331999999996
0.005878204000000001 0.039362641999999996 0.32051572
0.0057432714 0.039395527 0.32054603
0.0058835796 0.039349788 0.32053129
0.0055183874 0.039349919000000004 0.32050447
0.0056671128 0.039379995 0.32052045
0.0058347397 0.039379587 0.32056121000000004
0.005921701299999999 0.039324598 0.32056486
0.005830617 0.039349716 0.32056823
0.0058316139 0.039370714 0.32055716
0.0059150322 0.039346401 0.32051565000000004
0.0057180502 0.039390995 0.32056096
0.0057655275 0.039381325 0.32055659000000003
0.005758415499999999 0.039345967999999995 0.32054867000000004
0.005777984 0.039366519 0.32051698
0.0057058051 0.03936085499999999 0.32052694000000004
0.0059226158 0.039334147 0.32052364
0.0057699304 0.039343614 0.32054241000000006
0.0058148041 0.039359523 0.32057131000000005
0.0056961178999999995 0.039372810999999994 0.32056794
0.0059457661 0.03936596700000001 0.32053524
0.0058075779 0.039341801 0.32054139000000004
0.0059466481 0.039324187 0.32057290000000005
0.005580881500000001 0.039365221000000006 0.32048502
0.0056500222 0.039323421 0.32053328000000003
0.005852164 0.039353918 0.32053955
0.005840914399999999 0.039335119 0.32054334000000007
0.0058670071 0.039334401 0.32055667
0.0055808387 0.039348823000000005 0.32055837
0.0058252745 0.039344997 0.32056538
0.0058070579999999995 0.039336993 0.32052112
0.0058437171000000005 0.039342243000000006 0.32052499000000007
0.0057163227 0.039372654 0.32054874
0.005944087400000001 0.039386374 0.32052545
0.005833503700000001 0.039374523 0.3205571099999999
0.0058581386999999995 0.03937919399999999 0.32057881
0.0057054894 0.039342558 0.32055742
0.0057122777 0.039359741999999996 0.32058751
0.0058923752 0.039325107 0.3205424
0.005830197600000001 0.039363655000000004 0.32055026000000003
0.0058776604999999996 0.039364157000000004 0.32057234
0.0057858258 0.03932936199999999 0.32053972000000003
0.0058168923 0.039355959 0.32053997
0.0058366825999999995 0.03937067899999999 0.32055428999999996
0.005749126200000001 0.039339272 0.32049951
0.0057112249 0.039352088 0.32050483
0.0059323425 0.039337125 0.32056319
0.0058470571 0.039364379000000005 0.32054184
0.0058181566999999995 0.039377697 0.32055378
0.005875496900000001 0.039371447000000004 0.32056567999999996
0.0058185517 0.03933511700000001 0.32057002
0.0058340976 0.039386484 0.32052519
0.0058355156 0.039372030999999995 0.32056594999999993
0.0059351000000000004 0.03936348599999999 0.3205709
0.0057229564 0.039352016000000004 0.32053318999999997
0.005870704199999999 0.039343444 0.32055521000000003
0.0058924450000000005 0.039355861000000006 0.32054758000000005
0.005873845800000001 0.039354678 0.32054634
0.0057692344999999996 0.039387906 0.32055221
0.0058863912 0.039336755 0.3205097499999999
0.0058482445000000004 0.039353897000000006 0.32054333000000007
0.0057615105 0.039350392 0.32053719999999997
0.0057763669 0.039352728999999996 0.32055876
0.0058621489 0.039366503 0.32053078999999995
0.0058355824 0.03934371999999999 0.32053491999999995
0.0059298131 0.039374375999999996 0.3205834
0.0058141912999999995 0.039351145 0.32055054000000005
0.0057687343 0.039347971999999995 0.32055655000000005
0.005884311200000001 0.039382043 0.32054791000000005
0.005996091 0.039363061 0.3205685
0.0058135893 0.039365359 0.32050824
0.0058838803 0.039377444 0.32052002
0.0057448242 0.03936263799999999 0.32056308
0.0059915079999999996 0.039329592 0.32057059
0.0058126068 0.039375928 0.32052672000000004
0.0058664056 0.03936241 0.32058441000000004
0.005681940699999999 0.039365898999999996 0.3205501
0.0057906369999999995 0.039353598999999996 0.320531
0.0058200648 0.03939912699999999 0.32057284999999996
0.0057151678000000004 0.039349303 0.32055310000000004
0.005751440199999999 0.039352018 0.32054334
0.0055802219 0.039375085 0.3205561
0.0056829917 0.039354281000000005 0.32058508999999996
0.005739997499999999 0.039347154 0.32049489999999997
0.005969465 0.039327355999999994 0.3205209
0.0058553329 0.03933731 0.32054489
0.0057763515000000005 0.039341356999999993 0.32055968
0.0056454781 0.03934514 0.32054646000000003
0.0057838796 0.039329172 0.3205737799999999
0.0058118951 0.039347399000000005 0.32058632
0.005707365600000001 0.039299082000000006 0.32052765
0.0056747958 0.039316715 0.32051275
0.0056388809 0.03930529 0.32050717
0.005697432400000001 0.039330671 0.32056954
0.0056461001999999995 0.039312905999999995 0.3205672
0.0058019536000000005 0.039291179 0.32052274000000003
0.0059746104 0.03934514099999999 0.32052899
0.0056461163 0.039313417999999996 0.3205384
0.0056344029 0.039339682 0.32049731000000004
0.005633984 0.039318962 0.32052252999999997
0.0056289079 0.03926140300000001 0.32053713
0.0056029140000000005 0.039284255 0.32054047999999996
0.0057240579 0.03928117799999999 0.32053274000000004
0.005479750300000001 0.039298403999999995 0.3205111499999999
0.005787009599999999 0.039309265999999995 0.32049427
0.0056334068 0.039323162 0.32053927
0.005690703300000001 0.039291265 0.3205346
0.0055933151 0.039271927 0.32057390999999996
0.005765244500000001 0.03926904299999999 0.32060143999999996
0.005722452400000001 0.039292336 0.32054801000000005
0.0056499134000000005 0.039284125999999996 0.32048457999999996
0.0055561099 0.03929477800000001 0.32055664
0.0056223953 0.039297172 0.32057226
0.005515872600000001 0.039304254 0.32053500999999995
0.0056865097 0.039234831000000005 0.32050919
0.0056018394 0.039313789 0.32051803
0.0056499628 0.039264592 0.32052155
0.005722359300000001 0.039286155 0.32054433000000004
0.0056271752 0.039289151 0.32049711999999997
0.0055933553 0.03928003299999999 0.32052565
0.005650324699999999 0.039317297 0.32052620000000004
0.0057343235 0.03930476000000001 0.32051292
0.0055408382 0.039247293 0.32053757
0.0055464144 0.039253039 0.32051430000000003
0.0055724578 0.039311749 0.32055685
0.005549619800000001 0.03927214 0.32050555000000003
0.005605796200000001 0.039316183 0.32049602
0.0057886922 0.03928939099999999 0.32050609
0.00563374 0.03929687 0.32055339000000005
0.005657211200000001 0.039305161 0.32054949
0.0058195595999999995 0.039328301 0.32052639
0.005467673399999999 0.039314423 0.32055
0.0054816369 0.039318779 0.32054958000000006
0.005652194 0.03930896799999999 0.32056134000000003
0.0054847357999999995 0.039314224999999994 0.32052101
0.005605030299999999 0.039279762 0.32053644000000003
0.005439063500000001 0.039305233 0.32053803
0.0056862301 0.039310130000000006 0.32054208
0.0056962780999999995 0.039273704 0.32052296
0.0057006612 0.03934985 0.32049984000000004
0.005762900600000001 0.03928203799999999 0.32054045
0.005750682700000001 0.039329094 0.32057797
0.005679355800000001 0.039331184000000005 0.32055996000000003
0.0056467248 0.039300456 0.32056258000000004
0.0057143517 0.039348717 0.32054925
0.0056399852 0.039305601 0.32054302
0.0055735777 0.039303041000000004 0.32055943
0.0058232706 0.039344435 0.32052484
0.0058447131 0.039381089 0.3205552
0.005802697600000001 0.039353049999999994 0.32054498000000003
0.005855578199999999 0.039342599 0.32054804
0.0056707644 0.039350012000000004 0.32058975
0.0057312444 0.039310453 0.32055896999999994
0.0057199656 0.039295667 0.32054840999999995
0.0059930580999999995 0.039332002000000005 0.32052032999999996
0.005694369100000001 0.039355771000000005 0.32055099000000004
0.0056236572999999995 0.039364782999999993 0.32054635
0.0059079944999999995 0.039355934999999995 0.32054387
0.0059265077999999995 0.03937797 0.3205382
0.005833128800000001 0.039395302 0.32054376999999995
0.005922480999999999 0.039327521000000004 0.32051707999999995
0.0055786003 0.039363936 0.32058145000000005
0.005720029999999999 0.039303401 0.32049243000000005
0.0059597725 0.039325141 0.32051839000000004
0.0057317743 0.039289645 0.32054309000000003
0.0057547004 0.03930846700000001 0.32060231
0.0058807719 0.039309704 0.32051493
0.0056922384 0.039310841 0.32058339999999996
0.0056565409 0.039268658 0.32052594
0.0058151955 0.039305994999999996 0.32053708000000003
0.005596306800000001 0.03928723 0.32053874000000004
0.0057218969000000005 0.039269178 0.32054096000000004
0.0055558802 0.039296835 0.32052969
0.0058222852 0.039272057 0.32055425
0.0057869239 0.039340314 0.32057732000000005
0.0057170342 0.039323759 0.32055095999999994
0.0057434159999999995 0.039351681 0.32049867
0.0057258121 0.039304573 0.32056774000000005
0.005822308399999999 0.039315209000000004 0.32047052000000004
0.0058093457 0.039298877999999995 0.32051268
0.005800076999999999 0.03928708599999999 0.32056165999999997
0.0056875572 0.039327611 0.3205203200000001
0.0056022960000000005 0.039323132000000004 0.32055706999999994
0.005783889 0.039294593 0.32059803000000003
0.0056932522 0.039361048 0.32052179999999997
0.005663685399999999 0.039317114 0.32057024
0.005690269600000001 0.039330456 0.32055248000000003
0.005797377099999999 0.039373652999999995 0.32058992000000003
0.0057730603 0.039404514 0.32059874
0.0058321788 0.039387463000000004 0.3205491100000001
0.005868725699999999 0.039382718 0.32052004999999995
0.0057058522 0.039347732 0.32051401999999996
0.0055981388 0.039345235 0.32054793
0.005733501 0.039344066000000004 0.32050507
0.0056629477 0.039310934000000006 0.32053782999999997
0.005510561299999999 0.039316782 0.32057382999999995
0.0057015851 0.039339482 0.32054641
0.005674872900000001 0.039354676000000005 0.32054931
0.0055212353 0.039346277000000006 0.32053698
0.0058533309 0.039340052 0.32056546
0.005626012299999999 0.039384967 0.3205511
0.005786867699999999 0.039358726 0.32054470999999995
0.0056981451 0.039346442 0.32051935
0.0058744764 0.039322958 0.32050949
0.005745657100000001 0.039325391 0.32052986000000006
0.0059107230000000005 0.039378471000000005 0.32057010999999996
0.0056726742 0.039337739 0.3205306
0.0057268181 0.039337791999999996 0.32058181999999996
0.005847678100000001 0.039303664999999995 0.32056979
0.0056128138 0.039338478999999996 0.32053023999999997
0.005653661900000001 0.039336966 0.32051356
0.0058693827 0.039301511 0.32050219
0.0057784064 0.039335318999999994 0.32058174
0.0058202672 0.03930760600000001 0.32053934
0.0058074205 0.039358214999999995 0.32052640000000004
0.0057437544 0.03934175399999999 0.32050311
0.006040524600000001 0.039365307 0.32049866000000005
0.0060284582 0.039369255000000006 0.32052442
0.0056964518 0.039390636 0.32053105000000004
0.0057220385 0.039383169 0.32053096999999997
0.005907551299999999 0.039373907 0.32053095000000004
0.005741085599999999 0.03939157199999999 0.32052305
0.005871792800000001 0.039359484 0.3205532
0.0059247428 0.039356809 0.32055687
0.0059299314 0.039368891 0.32053904999999994
0.0058810817000000005 0.039357202 0.32055436000000004
0.005893576199999999 0.039382227000000006 0.32055121
0.005927062700000001 0.039343106 0.32053463
0.005899064000000001 0.039365151 0.32054181000000004
0.0057249071 0.039421894 0.32053466999999997
0.0056710812 0.03940747299999999 0.32059399
0.0059249591 0.03939292899999999 0.3205519
0.0059087855 0.039428938 0.32057424
0.0061107789 0.039449926999999996 0.32055918
0.006102813599999999 0.039390785 0.32055362
0.005854134200000001 0.039402843 0.32053879999999996
0.006089947599999999 0.039446418999999996 0.32058786
0.0058692841 0.039410958999999995 0.32051963
0.0059051398 0.039357036 0.32055717
0.0057497843 0.039412160999999994 0.32052394
0.0060113875 0.039392196000000004 0.32050485
0.0058750836999999995 0.039396836 0.32053889
0.005903083700000001 0.03942061499999999 0.32058685000000003
0.0058364069 0.039392238 0.32057288
0.0059448088 0.039391375000000006 0.32053254999999997
0.005876206699999999 0.039380372999999996 0.32053703999999994
0.005775111800000001 0.039368889 0.32062829
0.0059494872999999995 0.039378838 0.32054890999999996
0.0057300041 0.039366689 0.32049842
0.005766815 0.039376618 0.32052042
0.005858374099999999 0.039386266 0.32053151999999996
0.005816117200000001 0.039370488 0.32059266000000003
0.0059252647 0.039380835 0.32055641
0.0059004689 0.039385268999999994 0.32053458
0.005884574599999999 0.03938611400000001 0.32053135000000005
0.0056935174000000005 0.03934488 0.32056581
0.0055935548 0.039335683 0.32052416
0.0058471833 0.039364554999999996 0.32050405000000004
0.005712287000000001 0.039342686 0.32051689000000005
0.0057387324 0.039369621 0.32052946
0.005680216900000001 0.039338383 0.32052628000000005
0.0056034026 0.03937676699999999 0.32056726999999996
0.005813118799999999 0.039361520000000004 0.32053659
0.0057263507000000005 0.039370186 0.32059528000000004
0.005738180000000001 0.039398 0.32062457999999994
0.005631411899999999 0.039354123 0.32057968
0.005712015799999999 0.039325263 0.3205097
0.0056335094 0.039325427 0.32056228
0.0058714813 0.039331041000000004 0.32055943
0.0057905857 0.039315334 0.32053438
0.005720056499999999 0.039362140000000004 0.32053573999999996
0.005824658400000001 0.039340676 0.32055427999999997
0.0057652409 0.039334575000000004 0.32053725
0.0057873584 0.039359236000000006 0.3205450099999999
0.0058381498 0.039331147999999996 0.32050704999999996
0.005611473899999999 0.039331889 0.32052565
0.005771590199999999 0.039333087 0.32050665
0.005901483399999999 0.039368186 0.32059147
0.0058219586000000005 0.039381225 0.32052149
0.005800343500000001 0.039386196 0.32050348
0.0056093357 0.039354270000000004 0.32051370999999995
0.005591840200000001 0.039318737000000006 0.32057385
0.0057816427 0.03936139 0.32052548000000003
0.0058962759 0.039356193 0.32053277
0.005842742000000001 0.03940612 0.32054194999999996
0.0058828623 0.039356276 0.32054058
0.0056368199 0.039325239 0.32052775
0.0058234854 0.039316418 0.32058442
0.005652965000000001 0.03932935 0.32055342000000003
0.0058576425 0.039346266000000005 0.32052635999999995
0.005955011400000001 0.039339456 0.32054638
0.005883843 0.039350716 0.3205044999999999
0.0057924748 0.039371444 0.32053725999999994
0.005697053200000001 0.039344935000000004 0.32053550999999997
0.0058150986 0.03934877 0.32055003000000004
0.005827407200000001 0.039319603999999994 0.32052562
0.0058648306 0.039352056 0.32051539
0.0057955333999999996 0.039354104 0.32053389
0.0058620989 0.039335866000000004 0.32053328999999997
0.0057667134 0.039337823 0.32056639
0.005796438100000001 0.03933367 0.32053
0.0057732459 0.039350592999999996 0.32056443999999995
0.0057117957 0.039319773 0.32055818
0.005841124 0.039340892 0.32052512
0.0058531308 0.039344764 0.32053688
0.0057363069 0.039351386 0.32051631
0.005737996600000001 0.03932807000000001 0.32050546
0.0057327063 0.039375076 0.32048457999999996
0.0057554702 0.039338475 0.32051914
0.005758024499999999 0.039330861 0.32054710999999997
0.0058624116 0.03935198 0.32055600000000006
0.0057899796 0.039355279 0.32052687
0.0057854815 0.039354824999999996 0.32051990999999996
0.0058772995000000005 0.039391790999999995 0.32054721
0.0057932091 0.039349788 0.32055055
0.0058445518 0.039356646 0.32053096
0.0059053095 0.039428262000000006 0.32054021
0.0058471175 0.039372275000000005 0.32054919000000004
0.0057927327 0.039395449 0.32056561
0.0057637768 0.039334066 0.32054186999999995
0.0057383821 0.03931789100000001 0.32052043
0.0056831890999999995 0.039318308 0.32052803999999996
0.0055747971 0.039384709000000004 0.32055532000000003
0.005716213100000001 0.039312859000000006 0.32055272999999995
0.0055711054 0.039344488000000004 0.32056608999999997
0.005629003299999999 0.039322164 0.32054128000000004
0.0056852299999999995 0.039300711 0.32056136
0.0057434967000000005 0.039338743999999995 0.32051365
0.005685887800000001 0.039355972 0.32054077
0.0058294706 0.039338494 0.32050177
0.0058252660999999996 0.039338353 0.32053660000000006
0.0057474981 0.039370389 0.32057209000000003
0.005829336 0.039335152 0.32052823
0.005666649899999999 0.03935020799999999 0.32053137000000004
0.005673366100000001 0.03936686700000001 0.32057909999999995
0.005709370399999999 0.039368471 0.32053038
0.005781708599999999 0.039341712 0.32056363
0.005745557900000001 0.039344304 0.32052005
0.005742372600000001 0.039329472000000004 0.32055516
0.0056421851000000005 0.039369100000000004 0.32054847
0.005885946499999999 0.03938459 0.32056739999999995
0.0057500528000000006 0.039325141999999993 0.32050166
0.005879470100000001 0.039357671 0.320505
0.0059016501 0.039343846 0.32055569000000006
0.0058538014 0.039367814 0.32056157999999996
0.005791889400000001 0.039359690999999995 0.32052959
0.0058728564 0.039357844 0.32053735000000005
0.0056232961 0.039410597000000006 0.32056448
0.0057595246 0.039418953 0.32051657
0.0057435529 0.039370067999999994 0.32052918
0.0058169656 0.039391229 0.32057036
0.005662806099999999 0.03934767 0.32051434999999995
0.005946804900000001 0.03937552 0.32053991000000004
0.005750821099999999 0.039397437 0.32056238000000004
0.005826016200000001 0.039373225 0.32054324999999995
0.0057340691 0.039383607 0.32058887999999996
0.005926239 0.039356038 0.32056915
0.0058105866 0.039374267 0.32052007000000005
0.0059531775 0.03935062600000001 0.32052571999999996
0.0057700632 0.03941705799999999 0.32055062
0.0058222669 0.039411548000000005 0.3205048
0.0056033422 0.03936698400000001 0.32050007
0.0058044184 0.03939142599999999 0.32054254000000004
0.0058057251 0.039414979 0.32054444
0.005780816899999999 0.039405024999999996 0.32058228
0.0058128147 0.039420445 0.32051337
0.005898128999999999 0.039372219 0.32054729000000004
0.0057088339 0.03941327500000001 0.32054243
0.0057248051 0.03937229200000001 0.32054234
0.0057576294 0.039386504 0.32055299000000004
0.005888126299999999 0.039352793 0.32054277
0.0057806431 0.039361214 0.32054645000000004
0.0056614312 0.039332302 0.32050182
0.005736528100000001 0.039316437999999995 0.32053383999999996
0.005804566799999999 0.039300507 0.32047845
0.0056879091 0.039340172 0.32048328
0.0057343223 0.039331249 0.32051359999999995
0.005826243300000001 0.039326768 0.32053292
0.0058024502999999995 0.039334646 0.32053787999999994
0.005762851000000001 0.039362513 0.32055568
0.006013397 0.039381945999999994 0.32057478
0.0057574984 0.03938105000000001 0.32055424
0.0058591862 0.039368899 0.32055758999999995
0.0059046571 0.039334767 0.32053468999999996
0.0058920421 0.039390812 0.32053717000000004
0.005801945899999999 0.039366076 0.32052430000000004
0.0060654951 0.03936444400000001 0.32049523999999996
0.0057843357 0.039390985 0.32056176
0.0057780466 0.039386756 0.32052438
0.0057097916 0.039343465999999994 0.3205336
0.005757010000000001 0.039375504 0.32051707
0.0058322108 0.039355712 0.32054861
0.0055905121 0.039334531 0.32055499
0.005782285600000001 0.03934061700000001 0.32050892000000003
0.005796529999999999 0.039355694 0.32056462
0.0057966044 0.039405648 0.32056063
0.006066959 0.039400324 0.3205758799999999
0.0058864889 0.039380988000000006 0.32052723
0.005978425100000001 0.039340026 0.32052092
0.0060878341 0.039368390999999996 0.32051200999999996
0.0058302454000000005 0.039332272999999994 0.32054186999999995
0.0058327681 0.039322733 0.32053111999999995
0.00579639 0.039337632 0.32052650000000005
0.0057280929000000005 0.039310628 0.32055593
0.0057018314 0.03933617500000001 0.32052603
0.0056627896 0.039313319 0.32053421
0.0056129977 0.039334525999999995 0.32058377
0.005718551600000001 0.039357357999999995 0.32051951
0.0058147384 0.039337947 0.32054386
0.0056262993 0.039335579999999995 0.32050968
0.0057813848 0.039336033 0.32053348000000004
0.005657201299999999 0.039291898 0.32053414
0.0056619546 0.039319739 0.32055659
0.0055630413 0.03933969799999999 0.32056735999999997
0.0057882604 0.039340571000000005 0.32058443
0.005592536699999999 0.039325983999999994 0.32052977
0.0056306954999999995 0.039261186 0.32056424
0.0055713171 0.03930212200000001 0.32052743000000006
0.005601426499999999 0.039335179 0.3205523600000001
0.0056306444 0.039330656 0.32053995
0.0055944129 0.039304233 0.32049214
0.0056542146000000005 0.039333922 0.32054320999999997
0.0056001213 0.039320908 0.32052915000000004
0.0054370699 0.039273525999999996 0.32053002999999997
0.0056923269 0.039317144 0.32057334000000004
0.0055373458 0.039317775000000006 0.32058552
0.0056620301 0.039311297999999995 0.32057051000000003
0.005688925500000001 0.039335209 0.32054839
0.0055589391 0.039339517000000004 0.32056351
0.005585904 0.03930992900000001 0.32055798999999996
0.005766947 0.039301936999999995 0.32051543000000005
0.005744027800000001 0.03936925300000001 0.32059082
0.0056521948 0.039349842 0.32057023
0.005630291400000001 0.039340826 0.32054037
0.005735906400000001 0.039348417000000004 0.3205309
0.005680267500000001 0.03933353099999999 0.32055482999999996
0.0058522578 0.039344907 0.32056744
0.0058792789 0.039362962999999994 0.32056366999999997
0.0055866681 0.03936392600000001 0.32052259
0.0057443219 0.039312890999999996 0.32052499
0.0057135916 0.039306898 0.32054883
0.0057413714 0.039323944 0.32051289
0.0056643673 0.03932586 0.32053619
0.0057587891 0.039352426999999995 0.32054590000000005
0.0058164203 0.039308907000000004 0.32058789
0.0056363687999999995 0.039358526 0.32055825000000004
0.005745966199999999 0.039336051 0.32053732
0.005722497 0.039359762000000006 0.32057206000000005
0.0057030922999999996 0.039381746 0.32056646
0.0058223468 0.039368681999999995 0.32054748
0.0057098906 0.039351811 0.32056452999999996
0.0057351589 0.039353631 0.32057377000000004
0.005620313300000001 0.039347684 0.32055672999999996
0.0057420822 0.039333351 0.32054351
0.0058938108000000005 0.039317446 0.32055964000000003
0.0056065718 0.03928209900000001 0.32055092999999996
0.0058285642 0.039349934 0.32051145999999997
0.0057742351 0.039338306 0.3205248
0.0056313421 0.039357385999999994 0.32055982000000005
0.0056409498 0.039354966 0.32052983
0.0056824666999999995 0.039294478 0.32053547
0.005685277 0.03936170800000001 0.32051972
0.0056550423 0.039310267999999995 0.32052022
0.0057562991 0.039361829 0.32056826000000005
0.0059280503 0.039357235000000004 0.32058468999999995
0.0056571855 0.039308849 0.320493
0.0056715713 0.03934461300000001 0.32053926
0.0055611121 0.039346767000000005 0.32054673
0.0056971728 0.039369746 0.32053937
0.0057104985 0.03932145099999999 0.32053608
0.005842320600000001 0.039342399 0.32056281000000003
0.0057134423 0.039370004 0.32052403
0.005944460099999999 0.039393540000000005 0.32050824
0.0058790565 0.039381246 0.32052874000000003
0.0057007514000000006 0.03937276 0.32051966000000004
0.0057579605 0.039375982999999996 0.32053011
0.0057828892 0.039359285 0.32052371
0.005767056499999999 0.039357028 0.32057123
0.0057252321999999994 0.039359532 0.32053628
0.0057833188 0.039357263 0.3205798700000001
0.005687704 0.039391863 0.32056556
0.0057517359 0.039426629000000005 0.32053342999999995
0.0056775322 0.039390739 0.32051559999999996
0.0058020042 0.039397839000000004 0.32058467999999996
0.0057433116 0.039414228999999995 0.3205523
0.0057420816 0.039383635 0.32053833000000004
0.005752686599999999 0.039389679999999996 0.32053287
0.0056078394 0.03935394799999999 0.32049931000000004
0.0056214648999999995 0.039375160000000006 0.32052687
0.0057205567 0.039385635 0.32049331
0.0058757417 0.039372779999999996 0.32056081999999997
0.005688072799999999 0.039380878 0.32050922
0.0056442231 0.039387616 0.32056885
0.0057853211 0.039390904 0.32052762000000007
0.0056182042 0.039431717000000005 0.32053643
0.0058261254999999994 0.039404603999999996 0.32053999
0.0059086821 0.039394368 0.3205624
0.0058023287 0.039380531 0.32055479
0.0056770416 0.039407792999999997 0.32054497
0.0058132775 0.039397444999999996 0.32055880000000003
0.0056708118 0.03939411599999999 0.32054732
0.005738221 0.039422187000000004 0.32051387
0.0057725766 0.039374621 0.32051679
0.0058312667 0.039368864 0.32053478
0.005691478 0.039369042 0.32054972
0.005820522900000001 0.039371346 0.3205159
0.0059056987 0.039391193 0.32050258000000004
0.0058354143 0.039368072 0.32051594
0.005753467 0.03938204399999999 0.32053646
0.0056853627 0.039354741 0.32056012
0.0056930124 0.039361755 0.32049995000000003
0.0056373844 0.039372630000000006 0.32052914
0.0056868888000000005 0.039337917 0.32056088
0.0057493808 0.039379468 0.32053581000000003
0.0058389402 0.039400099 0.32052176
0.005881560499999999 0.03939778 0.32055653
0.0059348596 0.039408954 0.32052037999999994
0.005814186000000001 0.039389320000000005 0.32058009
0.005917647999999999 0.03940237 0.32054649999999996
0.0057557233 0.039357056 0.32055935
0.0058061464 0.039398352000000005 0.32059335000000005
0.0057852613 0.03940314899999999 0.32053719999999997
0.0057865087 0.039395486 0.32053335999999993
0.0058270145 0.039376232000000004 0.32053667999999996
0.0056820776 0.03932933 0.32049457
0.0057526328 0.039340582 0.32054869999999996
0.005786952400000001 0.039322961000000003 0.32053202999999997
0.0057916645 0.039381369 0.32054086000000004
0.0056639678 0.039363314999999996 0.32051187000000003
0.0056806425 0.039330227 0.32052843000000003
0.0056619975 0.039356322 0.32051836
0.005744693800000001 0.039316428 0.32049775
0.0057945874000000005 0.039366504999999996 0.3204971200000001
0.005683206600000001 0.039352573 0.32056576
0.005754408400000001 0.039355487 0.32052316
0.005868185100000001 0.039349290999999995 0.32051133000000004
0.0056232687000000005 0.039378009000000005 0.3205404
0.0058171112 0.03936117 0.32055183
0.0058006355 0.039357775 0.32052927000000003
0.0059050596 0.0393831 0.32054784000000003
0.0056346721 0.039344296 0.32055201
0.0057579056 0.03937196 0.32056469
0.0059665896 0.039379093999999996 0.32057945
0.0057845494 0.039349997000000005 0.3204905699999999
0.0057331939 0.039369086 0.32054973000000003
0.005878637999999999 0.039359116000000006 0.32054682
0.0057480939 0.039313363 0.32056833
0.0057331976 0.039331305 0.32054417
0.0058197990000000005 0.039348977 0.32056252
0.005714885 0.039391846999999994 0.32054543999999996
0.0060188331999999995 0.039369942000000005 0.32054503999999995
0.0058468506 0.039390268 0.32056892000000003
0.0059007572000000005 0.039380212000000005 0.32055881999999997
0.0058162799 0.03938378 0.32056425999999993
0.0060458331 0.03939356200000001 0.32053444000000003
0.0059419325 0.039368538999999994 0.32055989
0.0058975458 0.039364126 0.32050507
0.0057899887 0.03935834700000001 0.32057276
0.005888100699999999 0.03935200600000001 0.32053988
0.005860500100000001 0.039351396999999996 0.32053079999999995
0.0055988332 0.0393809 0.32054039
0.005955166499999999 0.039380093 0.32055833999999994
0.005708906099999999 0.039379078 0.32052749999999997
0.0058718992 0.039412908 0.32055819
0.005894168199999999 0.03939191400000001 0.32054966
0.005868708 0.039321164000000006 0.32051723
0.005829092100000001 0.039362429000000004 0.32057123
0.0059212577999999995 0.039343209999999997 0.32057755
0.0057789621 0.039356651 0.32058387
0.0059657129000000005 0.039394473 0.3205526799999999
0.005704686 0.03937505400000001 0.32053627999999995
0.0057001051 0.039377522000000005 0.32055223999999993
0.0058193175 0.039380055000000004 0.32051908
0.005947819500000001 0.039357852000000006 0.32050702999999997
0.005825971300000001 0.039351611 0.32054007999999995
0.0056729475 0.039359379 0.32050511
0.0058331311000000005 0.039349537999999996 0.32051420999999997
0.0057456357 0.039300682 0.32050097
0.005779169 0.03933176100000001 0.32052440000000004
0.0058343004999999995 0.039353449 0.32053827
0.0058448970999999995 0.039330901999999994 0.3205547
0.0058076794 0.039310642 0.32053751999999996
0.005602016499999999 0.03936508100000001 0.32049972
0.0057414585 0.039337592000000005 0.32055001
0.005725772499999999 0.039378169000000005 0.32053651000000005
0.0058206180000000005 0.039375624 0.32052823999999996
0.005898906800000001 0.039355328 0.32057609
0.005738565899999999 0.039357296 0.32055608
0.0058221621 0.039372793 0.32054616999999996
0.005769650700000001 0.039356208999999996 0.32051625
0.0056863217 0.039361503 0.32054894999999994
0.0057719864 0.039340514 0.32058445999999996
0.0058089938 0.039369085 0.32051577
0.0058154621 0.039399483 0.3205527
0.005960545700000001 0.039367453000000004 0.32055725
0.0057337511 0.039373173000000004 0.32056616
0.0060400847 0.039369725 0.3205646999999999
0.0060044626000000005 0.039379831000000004 0.32054414000000003
0.0058528803 0.039374981999999996 0.32052706999999997
0.0057899441 0.03934699900000001 0.32054132
0.0058055625 0.039331089 0.32051334
0.005805614199999999 0.039340477 0.32050825
0.0056714644 0.039376667 0.32056341
0.005754366700000001 0.039371583 0.32054888
0.0056204605 0.0393796 0.32047246
0.005809748 0.03937931 0.32049665000000005
0.005658199700000001 0.03937782 0.32054235
0.0058456513 0.039370012999999995 0.32053479000000007
0.0058023783 0.03937423899999999 0.32051664999999996
0.0057592571 0.039425309 0.32053169000000004
0.005762621599999999 0.03935621899999999 0.32054077999999997
0.005795818999999999 0.039326655 0.32056073
0.0057790173 0.039372985 0.32053457
0.005680185799999999 0.03937377500000001 0.32061241
0.0057731452 0.039373657 0.32054780000000005
0.0056245240000000005 0.039388783999999996 0.32054606999999996
0.005721393000000001 0.039365532 0.32052772
0.005863318300000001 0.039375038999999994 0.32058712
0.0058698806 0.039356681 0.32046515
0.0057883331 0.039376044 0.32054777999999995
0.0057284424 0.039349669 0.32054392
0.005724572 0.039368907 0.32054949
0.0058207138 0.03937862600000001 0.32062615
0.0057458297999999994 0.03937623 0.32053169
0.0057828511999999995 0.039410514 0.32052291000000005
0.0056759932 0.039388623 0.32055707000000006
0.0057751868 0.03936057899999999 0.32054741
0.0057339107 0.03939624600000001 0.32058264000000003
0.0056799079 0.03936321499999999 0.32057532
0.0057812805 0.039382566 0.32054701
0.005813693 0.039384185 0.32054453
0.0057141633 0.039335443 0.32052562
0.0056993232 0.039344033 0.32054589
0.0057225161 0.039371291 0.32051569
0.0057792035999999995 0.039378168000000005 0.32056673
0.005790051400000001 0.039350222 0.32053809
0.0057657242 0.039338499000000006 0.32051681000000004
0.0055675862 0.039403390999999996 0.32058587
0.005736242700000001 0.039385921 0.32058013
0.005608042000000001 0.039360065 0.32056681
0.0057406304 0.039405987999999996 0.32059233000000004
0.0057410726 0.039397920999999995 0.32055305
0.0056284485 0.039355074 0.32056049
0.0057058734 0.039367313 0.3205227
0.0057856204 0.03937874000000001 0.32057297000000007
0.0057684119 0.039349603 0.32056862
0.005769887099999999 0.03935388399999999 0.32055733
0.0057281215 0.039387820000000004 0.32057166000000004
0.005839591399999999 0.039356738999999995 0.32056933
0.0058011327 0.039331043999999996 0.32047957
0.005871224899999999 0.039371118 0.32053312
0.0058161935 0.039384228 0.32053000000000004
0.005905328099999999 0.039413818 0.32052326999999997
0.005828297099999999 0.03939511 0.32057053
0.0058541642 0.039356502 0.32053655000000003
0.005807823399999999 0.039370586 0.32053835
0.0059898529 0.039397839000000004 0.32052344
0.0056880374 0.039360629 0.32055775
0.0060095064000000005 0.039346417 0.32057433
0.0057536405 0.039315582 0.32051821
0.0058238411 0.039381002000000005 0.32055122999999996
0.0056528991 0.039351918 0.32054870999999996
0.0057435659 0.039408599999999995 0.32052564999999994
0.0057264286 0.039407738 0.32054439
0.0057222096 0.039379529 0.32053227
0.00572335 0.039379358 0.32059345
0.005718928400000001 0.039377191 0.32053681
0.0057408515 0.039372831999999996 0.32058480999999994
0.005933179700000001 0.039364103000000004 0.3205685
0.0056483377 0.039402877999999995 0.32056144000000003
0.005660441699999999 0.039331551 0.32054457
0.0057432202 0.039347015 0.32053749
0.0056142203 0.039324649 0.32057802999999996
0.005674784099999999 0.039338558 0.32050276
0.0057304986 0.03930838400000001 0.32056142
0.005697702400000001 0.039368789 0.32055862
0.0059017175000000005 0.03934264 0.32057012
0.0056795816 0.039370155000000004 0.32054948
0.0058579303000000004 0.039372657 0.32056444
0.0057918942 0.03937086 0.32055515
0.0057964303000000005 0.039317320999999995 0.32053485
0.0058108641 0.039334412 0.32051638000000005
0.0058068864 0.039331074 0.32055742
0.0056513312 0.039382566 0.32053158000000004
0.0059032685 0.039321313 0.32053306
0.0059460087 0.039356278999999994 0.32053319999999996
0.0059796542 0.039358091 0.32055246
0.005857471899999999 0.039375389 0.32058866999999996
0.0058116272999999994 0.039366932 0.32054158
0.0059270797 0.039392128 0.32060204
0.005876745300000001 0.039421173999999996 0.32057341
0.005650150799999999 0.03940837800000001 0.32057489000000006
0.0056305624 0.039396862 0.3205479
0.0059068441 0.039393486 0.32055591
0.005790356799999999 0.039378634 0.32056524999999997
0.0058886445999999995 0.039390309 0.32058894000000004
0.005731202 0.03935691100000001 0.32052127999999996
0.005761193499999999 0.039383473 0.32055611000000006
0.0059192723 0.039356312 0.32050443
0.0058991420000000004 0.039402387999999997 0.32048945
0.0057436386 0.03937450800000001 0.32058255999999996
0.005792040399999999 0.039359381 0.32052526000000003
0.0059476102999999995 0.039328203 0.32052639000000005
0.005720368599999999 0.039394522999999994 0.32053772999999997
0.0058123448999999995 0.039363789999999996 0.3206011999999999
0.0056851884 0.039384606 0.32051932999999994
0.005837682500000001 0.039381302 0.3205787
0.0058927848 0.039419147 0.32057177000000003
0.0058915171 0.039385098 0.32056018999999997
0.0056875633 0.039378086 0.32051977
0.0058438813 0.039360478 0.32056732
0.0060018617 0.039362152000000004 0.32051594
0.005981300100000001 0.039366637999999995 0.32053549000000003
0.006006891799999999 0.039388509 0.32059378
0.0057281691 0.039368878 0.32055839
0.005862684799999999 0.039341980000000006 0.32053846999999996
0.005784236699999999 0.039356661 0.3205567
0.0057162494 0.039355392 0.32056845
0.0056337084 0.039381384000000005 0.32050010999999995
0.0058426529 0.039351844000000004 0.32050242000000007
0.0058688551 0.03938320499999999 0.32055724
0.005826973500000001 0.039338926 0.32053792999999997
0.005806942899999999 0.039372112 0.32056245000000005
0.005814158 0.039334899 0.32053634999999997
0.005859358 0.039337472000000005 0.32048807999999995
0.0057759457 0.039331473 0.32053792
0.005801972799999999 0.039328877 0.32051988000000003
0.005737845100000001 0.039370814 0.32052113000000004
0.0057627076 0.039330274 0.32050848
0.0059385943 0.039341227 0.3204732
0.0057464085 0.039323799 0.32055278000000004
0.005738737 0.03933580199999999 0.32054306
0.005824030199999999 0.039312948 0.32051525999999997
0.0058682076 0.039358434000000005 0.32054403
0.005786930600000001 0.039343438 0.32053915999999993
0.0058371237 0.039346971 0.32052833000000003
0.0058705781 0.039371422 0.32052297
0.005776376799999999 0.039365805999999996 0.32050915
0.005866285399999999 0.039347651000000004 0.32052498
0.0057530516 0.039312093000000006 0.32051324000000003
0.0057304585 0.039343719 0.32054634000000004
0.005782470600000001 0.039372449000000004 0.32054542
0.005775305999999999 0.039331328 0.32058026
0.005933017099999999 0.03935767999999999 0.32055945
0.0058313285999999995 0.039370818 0.32057934
0.0057936420999999995 0.039350326000000005 0.32054474
0.005755774999999999 0.03932984600000001 0.32056828
0.0057714768 0.039341875 0.32052248
0.005873045 0.039330176 0.32053071000000005
0.0058887094 0.03937642 0.32055643
0.0057931881999999995 0.039323006 0.32051547999999996
0.0058365186 0.039372898 0.32051534
0.005842128699999999 0.039357004 0.32053063000000004
0.0058457315 0.039332118 0.3205523899999999
0.0057915557 0.03934997 0.32052474999999997
0.0056330628 0.039364205 0.32051395
0.0056094751 0.039294932 0.32050687
0.0056196608 0.039300358 0.32053945
0.005683556299999999 0.039284316 0.32058163999999995
0.005571145 0.039284482 0.32054608
0.005452390499999999 0.03929753300000001 0.32055111999999997
0.0055044066 0.039313699 0.32055706000000006
0.005426238999999999 0.039262194 0.32051067
0.0056861077 0.039272284 0.320545
0.0056863811 0.039279602999999996 0.32054072
0.0056231753999999995 0.039290454 0.32055124999999995
0.0057079157999999994 0.039294561 0.32049693
0.0056406167 0.03929630299999999 0.32052686
0.005620108699999999 0.03929171299999999 0.32049685
0.005703990399999999 0.039287406 0.32051668
0.0056202278 0.03931947 0.32052879
0.0057536663 0.0393024 0.32051869999999993
0.0054754533000000005 0.039296118 0.32048752
0.0057098474 0.039299978000000006 0.32056329
0.005785712199999999 0.03932551499999999 0.3205206
0.0055825881 0.039312898 0.320548
0.0056660623 0.039301675 0.32054618
0.0058264347999999995 0.03933158900000001 0.32054785999999996
0.0056844148 0.039305959 0.32053084
0.0057724254000000004 0.039364517 0.32057863999999997
0.005805561400000001 0.039312136000000004 0.32052909
0.0056180199 0.039362285999999996 0.32055186999999996
0.0054770371 0.039303613 0.32054886
0.005755049600000001 0.039282497000000006 0.32053987
0.0058412899 0.039308390000000006 0.32050533
0.0056482448 0.039310683 0.32049936999999995
0.0057488796 0.039301314 0.32052213
0.0054868569 0.039312672 0.32056085
0.005741753800000001 0.039274882 0.32048931
0.0056253229 0.03930938599999999 0.32049795999999997
0.005650015499999999 0.039316584 0.3205286500000001
0.005494465600000001 0.039315702999999994 0.3205475299999999
0.005819589699999999 0.039311374999999996 0.32057808
0.005697621599999999 0.039311434000000006 0.32052200999999997
0.005827986299999999 0.03934445400000001 0.3205336
0.005669134000000001 0.039311264 0.32053469999999995
0.0057155681 0.039330062 0.32056561
0.0056269145999999996 0.039301093999999995 0.32053078999999995
0.005549546100000001 0.039326862000000004 0.32053891000000007
0.0056313795 0.039302505 0.32052891
0.0056648559 0.039317022 0.32051233999999995
0.005729651299999999 0.039336104 0.3205581
0.0057507277 0.039336518 0.32059446999999996
0.005538680799999999 0.039326294 0.32057718999999996
0.0057092641999999996 0.03932184 0.32055011
0.0057619283 0.039323883999999996 0.32058665999999997
0.005722224 0.039318558 0.32055008999999995
0.0057113519 0.039298807000000005 0.32050904999999996
0.0056723687 0.039326468999999996 0.32055482
0.005557035300000001 0.039318687000000005 0.32054697
0.0057724833 0.039291025 0.32054295
0.0057527014 0.039272474 0.32055066
0.0056470378 0.039302357999999996 0.32057607
0.0057470646 0.039324618000000006 0.32056682
0.0058415083 0.03932456399999999 0.32051878
0.0055812241 0.039320887000000006 0.32053747
0.0057061613 0.039290533 0.32052832
0.0056300858 0.039343342 0.32057271000000004
0.0056998312 0.039307626 0.32053389
0.005723215299999999 0.039287428 0.32055913999999996
0.0057144971 0.039329143999999996 0.32058356000000005
0.0056926339 0.039296197000000005 0.32055851
0.0057350258 0.039307184 0.32049847000000004
0.005654283800000001 0.039287115000000004 0.32055263
0.0056705177 0.039301868000000004 0.32051577
0.0056211341 0.039274800000000006 0.32053639
0.005779319 0.039306577999999995 0.32053628
0.0057258796999999995 0.039335726 0.32051104
0.005699528200000001 0.039358404 0.32053093
0.0057279155 0.039307611 0.3205077
0.005679341 0.039325767 0.32055723999999997
0.0057355756 0.039338267 0.32055666
0.005653801700000001 0.039376201 0.32052597
0.005719988800000001 0.039376857 0.32054738
0.005677616000000001 0.039330571999999994 0.32057103000000003
0.0058743405 0.039340592 0.32050889
0.005673922100000001 0.039320871 0.32056633999999995
0.005752184699999999 0.03936571 0.32051496
0.0057258129 0.039349621 0.32050297
0.005792170500000001 0.039330186 0.32052295000000003
0.0058902947 0.03931962400000001 0.32054806999999996
0.0056844345 0.039331715 0.3205515
0.0056883166 0.039339362 0.32054509999999997
0.0056967751 0.0393523 0.32057397
0.0056463116 0.039326709 0.32051164
0.005875589600000001 0.039344736 0.32055358000000006
0.005768188400000001 0.039367932 0.32050617
0.0057207963 0.039351747000000006 0.32049079999999996
0.0056384572 0.039341192000000004 0.32054804
0.0056480429000000006 0.039355257 0.32053448999999995
0.005766626299999999 0.03934082900000001 0.32056982
0.0057131885999999995 0.039336268 0.32057758999999997
0.0059228517000000005 0.039353274 0.32055157
0.0058372575999999995 0.03937297199999999 0.32055787
0.0057684589000000005 0.03937239199999999 0.32054880999999996
0.005891693 0.039369363 0.32053554
0.005967238599999999 0.039360087 0.3205332799999999
0.0057894581 0.039355989999999993 0.32051249000000004
0.0058140204 0.039334038 0.32052112000000005
0.0056482495 0.039315354000000004 0.32048237
0.005648422699999999 0.039366762 0.32055849000000003
0.0058089761 0.039330365 0.3205224299999999
0.0059121424 0.039384156999999996 0.32052358
0.0058410363 0.039377633 0.32050766999999997
0.0058358158 0.039351693 0.32054619000000006
0.0058132424 0.039390669 0.32054822000000005
0.0058848605 0.039379818999999996 0.32054309000000003
0.005950546199999999 0.039382847 0.32055156
0.0055671565 0.03933703200000001 0.32056631
0.0057302146 0.039378261000000005 0.32056502
0.0056255268 0.03932548100000001 0.32058059
0.0058026816 0.039371251 0.32054609
0.0057875651 0.039354101 0.32053554
0.005831971400000001 0.039362652 0.32053098999999996
0.0055762469 0.039369438 0.32055592
0.005841919100000001 0.039380078 0.32054321999999996
0.005676359600000001 0.039372008 0.3205280999999999
0.0055790762 0.03932897 0.32050780999999995
0.005900466599999999 0.039340493 0.32054631
0.005837531500000001 0.039320999 0.32050306
0.005852623800000001 0.039319658 0.3204965000000001
0.005875507800000001 0.039324108 0.32050841
0.005867201800000001 0.039360359000000004 0.32049605
0.005742975900000001 0.03930727 0.32052649
0.0058533197 0.039314592 0.32052332000000006
0.0058023428000000005 0.039325267000000004 0.32053571000000003
0.0059283106 0.039323975 0.32052902000000005
0.0057462793 0.039315715 0.32048679
0.005807016700000001 0.039379089 0.32052424
0.0058993183 0.039370696 0.32051782
0.0058890847 0.039391979 0.32052273
0.005943329400000001 0.039374685000000006 0.32055395
0.0059806255 0.039375578 0.320555
0.0059775785 0.039360314 0.32048460000000006
0.0059379898 0.039364059 0.32057533
0.005886023400000001 0.039342245 0.32052923
0.0057612116000000015 0.039387599 0.32050556
0.005880302799999999 0.039359705999999994 0.32049585
0.0059059900999999995 0.039384482 0.32053318
0.0059760885 0.039347872 0.32053357000000005
0.005715824 0.039363821 0.32054021
0.0057841425000000005 0.039360313999999993 0.32055189
0.0057767817 0.039340571 0.32052063000000003
0.005838365600000001 0.039345884 0.32050098
0.0057550379 0.039350642 0.32056619999999997
0.0058036882 0.03934841099999999 0.32050618000000003
0.005834863399999999 0.03936368899999999 0.32053786
0.005684092 0.039367024 0.32054114
0.0057150124 0.039310355000000005 0.32054569
0.005607211199999999 0.039343516 0.32054207999999995
0.0057795024 0.039340642999999995 0.32057785
0.0057251030000000005 0.039343882000000004 0.3205637
0.0059263891 0.039362192000000004 0.32055511
0.0057911447 0.039359597 0.32056816
0.005790612400000001 0.039406881000000005 0.32059861999999995
0.0056806949999999995 0.039362103999999995 0.32054055000000004
0.0058146477 0.039362297 0.32057196
0.0057336096 0.039373294 0.32059204
0.0057410522 0.039392764 0.32056604
0.0057301862 0.039412711 0.32056882
0.0056888367 0.039385207 0.3205667
0.0059285212 0.039358806 0.32052976
0.0058778322 0.03935585800000001 0.32054419999999995
0.0058220828 0.039326807 0.3205695
0.0056875578 0.039350183000000004 0.32051595
0.0057816595 0.03937328 0.32055077
0.005656374299999999 0.039370046 0.32058138
0.005677090900000001 0.039385513 0.32053491
0.005717006200000001 0.039390471999999996 0.32054384999999996
0.0058128532 0.039406254 0.32057199
0.005867835 0.039377396999999995 0.32052534
0.0057099931 0.039373647 0.32048097999999997
0.005585217000000001 0.039367137 0.32056374
0.0056538332 0.039376826999999996 0.32055902
0.005848159 0.039372087 0.32052516999999997
0.0057048979 0.03935633 0.32051491
0.005829014499999999 0.039371409 0.32053816999999996
0.005777611 0.039370075000000004 0.32053206999999995
0.0057894522000000006 0.039388512 0.32055195
0.005755086599999999 0.039370830999999995 0.32057949999999996
0.0058727413 0.039408409 0.32053725
0.0056006536 0.039360901999999996 0.3205584
0.0057732259 0.03937302299999999 0.32053609
0.0057798242 0.039332805 0.32051434
0.0057713734 0.039379054999999996 0.32049700999999997
0.0058152245 0.039332469 0.32055624000000005
0.0058131754 0.03935685900000001 0.32051926000000003
0.0058211067 0.039332419 0.32054545
0.005838014400000001 0.039327032000000005 0.32052567000000004
0.0058132637 0.039327893999999995 0.32050287
0.005687472000000001 0.039364165000000007 0.32050353000000004
0.005707012199999999 0.039301844 0.32053724
0.005508977200000001 0.039311552 0.32054348
0.0056597862 0.039342182 0.32053275999999997
0.0057226186999999994 0.039294426 0.32054923
0.0057214206 0.039361314 0.32055850999999996
0.0056793785 0.039312899 0.32051755
0.0055495575 0.039342372 0.32055866999999993
0.005606649 0.039327446 0.32056633
0.005688378500000001 0.039333575 0.32052469000000006
0.0057035149 0.039329256 0.32058561
0.0057313089 0.039321012 0.32054124
0.0056637588 0.039316105000000004 0.32053181
0.0057937017 0.039323762 0.32055601
0.005602981 0.039304538 0.32054696
0.0058165542999999995 0.039308058 0.32048732999999996
0.0058711167 0.039326741000000005 0.32054606999999996
0.0057210145000000006 0.039325877999999995 0.32052843000000003
0.0058002296 0.039294754 0.32056581000000006
0.005712057600000001 0.039300333 0.32056107999999994
0.0058237817999999995 0.03933268399999999 0.32053988
0.0057772402 0.039345015 0.32052928
0.0056151659999999996 0.039287935 0.32053726
0.0056897810000000005 0.039309324 0.32053697
0.0057925856000000005 0.039332966999999996 0.32053612000000004
0.0056729358 0.039328086 0.32056048000000004
0.0057032446 0.039316391 0.3205636
0.0055902877 0.039291214 0.32053094
0.0056877164 0.039286942 0.32055631
0.0058250492 0.039288606999999996 0.32049233
0.0057189857 0.039319827 0.32051279000000005
0.0056717029000000006 0.039261515 0.32051845
0.005617499 0.039312682 0.32052692
0.005885829899999999 0.039352738 0.32053819
0.0057180445 0.03928971 0.3205253
0.0056703937999999995 0.039329757 0.32052314000000004
0.0057122297 0.039354273 0.32054492999999995
0.0057363279 0.03932543100000001 0.32055631999999995
0.0056361709 0.039330278 0.32054895
0.0056876518000000004 0.039272999999999995 0.32049719000000004
0.0057087706 0.039327812999999996 0.32058215
0.0058238566999999995 0.039297131 0.32054349000000004
0.005875216399999999 0.039323009 0.32050384000000004
0.0056829497 0.039310819 0.32053643000000004
0.005869080800000001 0.039321754 0.3205123
0.0057344629999999995 0.039310555 0.32056673999999996
0.0058312481 0.039358296 0.32053956
0.0056824334999999995 0.039332172 0.32051868
0.0057836923 0.039338337 0.32052615999999995
0.005820847299999999 0.039325732999999995 0.32051921
0.005825255400000001 0.03933865599999999 0.32053318000000003
0.005743278 0.039342989999999994 0.32050546
0.0058775189999999995 0.039347133 0.320517
0.0057058251 0.039345546 0.32053269
0.0058084915 0.039358624 0.32055277000000004
0.0057252727 0.039357084 0.32050993
0.0058031857 0.039372929999999993 0.32055679
0.0056603292000000005 0.03934246200000001 0.3205538
0.0057367341 0.039338567000000005 0.32052775
0.0057062875 0.039355632 0.32049964
0.0057938848 0.039340246 0.32052244
0.0056758321 0.039331299 0.32052168999999997
0.005805564199999999 0.039344841000000005 0.32053538000000004
0.0056673291 0.039330348 0.32054116
0.0056423976 0.039387218999999994 0.32054015
0.0057292878 0.039368285 0.32054770000000005
0.005915896699999999 0.039321104 0.32056183
0.0057957384 0.039315880000000004 0.32054904
0.0057051131 0.039383537 0.32053682
0.0058771417000000005 0.039364854000000005 0.32054286
0.005713909 0.039350657 0.32054875000000005
0.0058438232 0.039346439 0.32056498
0.0056820388 0.039310923 0.32055439999999996
0.0056449904 0.039380318000000004 0.32050959
0.0058365252000000005 0.039338178999999994 0.32057273999999997
0.0057135052999999995 0.039334879 0.3205249
0.005829579 0.03932522 0.32054210000000005
0.0056830752 0.039326008 0.32056133
0.0057915722 0.039343937 0.32057108
0.005730475499999999 0.039335395 0.32053466999999997
0.0057381614 0.039339208 0.32052848
0.0057918851 0.039340287 0.32055535
0.0057043927 0.03939110900000001 0.32055486999999994
0.0058146315 0.039315871999999995 0.32057715999999997
0.0058374189 0.039358659000000004 0.32056714999999997
0.0056209905 0.039311759999999994 0.32056587
0.0057930543 0.039322615 0.32053155
0.0058031981 0.039302144 0.3204888
0.0057929725 0.039310163999999995 0.32053222000000003
0.0058890893 0.039329453 0.32053073
0.005713942200000001 0.039325900000000004 0.32054068999999996
0.0057539555000000004 0.039349323 0.32054536
0.0057977612 0.039375 0.32053449
0.0058523562000000005 0.03932453 0.32052223
0.005860906799999999 0.039328854 0.32053884
0.0057578506 0.039326611 0.3205381500000001
0.0058471302 0.03935758799999999 0.32056846999999994
0.005777077300000001 0.039304916 0.32050110000000004
0.005710578799999999 0.039301565 0.32052643999999997
0.0057858237 0.039314498999999996 0.320552
0.005802734600000001 0.039353608 0.32053893
0.0056384938 0.039335005 0.32052769
0.0057340763 0.039335970000000005 0.32055822
0.0057376546 0.039333004000000005 0.32053286000000003
0.0057844141 0.039357582 0.32051865
0.005910942 0.039358595 0.32051221999999996
0.0056890393 0.03929029900000001 0.32051351000000006
0.0058426021 0.039318758 0.32053789
0.005722254 0.0393144 0.32049086
0.0057235289 0.039328551 0.32053157
0.0058941225 0.039328818 0.32051734
0.005789527199999999 0.039319555 0.32055055
0.0058790061 0.039343855000000004 0.32052282
0.0058323626 0.039335195 0.32051960999999995
0.0060103539 0.03933062899999999 0.32049863
0.005990133899999999 0.039315026999999995 0.32051164
0.0059028809 0.039332334000000004 0.32052104000000003
0.0057962795 0.039331574 0.32051292
0.005711942100000001 0.03932481 0.32056798
0.0058263112 0.03932977 0.32052133
0.0058557154 0.039292813 0.3205768299999999
0.0058858103 0.03931565 0.32057281000000004
0.0058803329 0.039356608 0.32057761
0.0057940246 0.039349829999999995 0.32051259
0.0058018704999999995 0.03931218499999999 0.32054602
0.0058535246 0.03936371300000001 0.32049409
0.0058238829 0.039315987 0.32054446000000003
0.005727186099999999 0.039318689999999996 0.32056149
0.0059067422000000005 0.03934288 0.32050859
0.005811328400000001 0.039343903 0.32054605
0.0058320711999999995 0.039333565 0.32059079999999995
0.005896653199999999 0.039351243 0.32054872
0.0058180308 0.039352981999999995 0.32055789999999995
0.0059120342 0.03936181 0.32057928
0.006019180900000001 0.039315414 0.32049607999999996
0.0060190891 0.039394830000000006 0.32056928
0.0058914512 0.03939032 0.32053595
0.0059517487 0.039370215 0.32053654000000004
0.0057044757 0.039330625 0.32052989000000004
0.0059291715 0.039362599 0.32056373
0.0057646484999999996 0.039343673999999995 0.32056764000000004
0.005766934099999999 0.039342422 0.32053195
0.0058432337 0.039350208000000005 0.32051087
0.0059164973 0.039313746999999996 0.3205208
0.0058396336 0.039400444 0.32054098
0.0057588897 0.03935480300000001 0.32053553
0.005780627599999999 0.039351117000000005 0.32056995
0.0057681293 0.039295592 0.32054708
0.0057144318 0.039300875 0.32053845000000003
0.0056281444 0.039270579 0.32054231999999994
0.0057461617 0.039281754999999995 0.32053113
0.005815888 0.039277890999999995 0.32057621000000003
0.00568378 0.039288871999999996 0.32053177000000005
0.0057601339 0.039332810999999995 0.32050543
0.0056690949 0.039308262999999996 0.32054176
0.005841918 0.039306498 0.32054028
0.0056989406 0.039326673 0.32051452
0.0056098814999999995 0.039283214 0.32052951999999996
0.0055924209 0.039301012 0.32055301
0.0056618085 0.039270832 0.32053233
0.005564914999999999 0.039289040000000004 0.32056369000000007
0.0055666922 0.039262239 0.32054457999999997
0.0056478659 0.039327624 0.32051419000000003
0.0056648141 0.039297570000000004 0.32054742999999997
0.0055164809 0.039266947999999996 0.32052447999999994
0.0057087613 0.039294608999999994 0.32050395
0.005736135999999999 0.039255745999999994 0.32060213
0.0058008519 0.039273967 0.32053586999999995
0.0056066218 0.039314539999999995 0.32055595
0.0056716391 0.039335561 0.32051027
0.0056135036999999995 0.03933165100000001 0.32055162
0.0055036487000000005 0.039327088999999996 0.32052167000000004
0.005427478 0.039325452 0.32050516
0.0056166352 0.03928829 0.32055234
0.0055810271 0.039292652 0.32051754000000005
0.0056750301 0.039305522999999995 0.32054673000000006
0.0055880673 0.039303095999999996 0.32054979
0.005794497000000001 0.039300562 0.32053222
0.0056006858 0.039317263000000005 0.32056773
0.0056555494 0.03932811700000001 0.32050335999999996
0.0056526452 0.039318246999999994 0.32051303999999997
0.0055782214000000005 0.03932310199999999 0.32054554999999996
0.0056802975 0.039320535000000004 0.32051808000000004
0.0057011560999999985 0.039343317 0.32060384
0.005672822500000001 0.039321258000000005 0.3205281
0.0056182936 0.039300672999999994 0.32054668
0.0056587535000000005 0.039304829 0.32055859999999997
0.0058271417999999995 0.039292199 0.32049158
0.0055947456 0.039343139 0.32049031
0.0057100327 0.039306296000000004 0.32053337
0.005640771099999999 0.03933252699999999 0.32058770999999997
0.0055668296 0.039326722999999994 0.32052350000000007
0.0056396972 0.039346982999999995 0.32053439000000006
0.0057181661 0.039348228 0.32056604
0.005742438599999999 0.039342845 0.32049573
0.0057496434 0.03935682 0.32050735
0.005807583699999999 0.039307931 0.32054424000000004
0.0058450888 0.039314935999999995 0.32054784
0.0057175102 0.039361838999999996 0.32053906
0.0055568746 0.039355857999999994 0.32059357
0.0056862683 0.039334984 0.32055202
0.0056555931 0.039329656000000005 0.32054071000000006
0.0056237982 0.039358378 0.32054689000000003
0.005620618700000001 0.039365183 0.320581
0.005610236499999999 0.039389709 0.32056599999999996
0.0055639269 0.039357907000000004 0.32052004999999995
0.0056097908 0.039389649 0.3205485
0.005545620999999999 0.039361846 0.32054980000000005
0.005456082699999999 0.039351422999999996 0.32053715
0.005650902499999999 0.039363127 0.32053445999999997
0.005693277199999999 0.039353456999999994 0.32055612000000006
0.0056141425 0.039310378 0.32054178
0.005489937 0.039329365000000005 0.32052877
0.0055197228 0.039391036 0.32056102
0.0056666542 0.039335537 0.32052852000000004
0.0056266578 0.039346858 0.32052719
0.0057054867 0.039336669000000005 0.32053643
0.0057199928 0.039330452 0.3205197
0.0057646323 0.039368482999999996 0.32052893000000005
0.0057462143 0.039331167 0.32056916
0.0056525564 0.039328792 0.32052015
0.0057745926000000005 0.039329665 0.32052685999999997
0.0055632159 0.039366136 0.32056589999999996
0.005746138 0.039356074000000005 0.32052031
0.005545130300000001 0.039342835 0.32057289000000005
0.0057051877 0.039303437000000004 0.32055880999999997
0.0057566459 0.039361491 0.32059205999999996
0.0056025243 0.039340704 0.32056279
0.0056397363 0.03934109300000001 0.32051903
0.0057789963 0.039336802000000004 0.32054361
0.0057880092 0.039335442 0.32056012999999994
0.005722167300000001 0.039285178999999996 0.32053814999999997
0.0058929412 0.03932331499999999 0.32054408999999995
0.0058208873 0.03930970300000001 0.3205627000000001
0.0058121023 0.039330739 0.32056780999999995
0.005763256699999999 0.039355445 0.32052108
0.0056242322999999995 0.039350135 0.32052139999999996
0.0058893004 0.039377462 0.3205474300000001
0.0057755589999999996 0.039341612000000005 0.32057042999999996
0.005463072099999999 0.039308847 0.32055177999999995
0.005800488499999999 0.039359183 0.32051606
0.0057864271 0.039352283 0.32052912
0.0056115882 0.039331854 0.32057595999999994
0.0057396534 0.039361991 0.32052445
0.0057230124000000005 0.03934059899999999 0.32058327000000003
0.005702002899999999 0.039363875 0.32055409
0.005527141899999999 0.039333496 0.32049666
0.005928309 0.039340865 0.32051641
0.005783214 0.039321414 0.32053718
0.005716295000000001 0.039340422 0.32055803000000005
0.0058500822000000004 0.039310346 0.32052277
0.005823699599999999 0.039290208 0.32055205
0.0059019512 0.03931951799999999 0.32056023999999994
0.0057156715 0.039349573000000006 0.32053658
0.0058692951000000005 0.039343249999999996 0.32052546
0.00570641 0.03934971499999999 0.32057363000000005
0.0056248285 0.039334412 0.32053327000000004
0.005744639899999999 0.039299068000000006 0.32059093999999994
0.005582596 0.039298361 0.32053305
0.005736226299999999 0.039330475000000004 0.32050562
0.0056742191 0.039319643 0.32052178
0.0057862079 0.03932815 0.32052350000000007
0.0057227751 0.039344983 0.32050661
0.0056832893999999995 0.039339389 0.32052579999999997
0.005586282600000001 0.039348078 0.32054745999999995
0.0055431304 0.039324234 0.32054677
0.0058691575 0.039331517999999996 0.32054517
0.005764593399999999 0.039323482 0.32052334
0.0057711769 0.039334771 0.32054955
0.0057292967 0.03936597100000001 0.32053181
0.005755894399999999 0.039386721 0.32054624000000004
0.0057815275 0.039370834 0.32050696
0.0058099997 0.039356804 0.32052816
0.005781461400000001 0.039365211 0.3205317
0.0058120700999999995 0.039384002 0.32050396999999997
0.005661558400000001 0.039383121 0.32045788000000003
0.0057005424 0.039340406 0.32050437
0.0057368175 0.039372647 0.32051398000000003
0.0056972201 0.039382694999999995 0.32054994000000003
0.0059443937 0.039333789 0.32052274000000003
0.0058474327 0.039351803000000005 0.32055744
0.0057998324000000006 0.039360116 0.32053008
0.0058441484 0.039338984 0.32053958000000005
0.0059149614 0.039352197000000005 0.32054863
0.0056842641 0.039359389 0.32048609
0.005743783000000001 0.039347814999999994 0.32053296000000003
0.0057811175 0.039353048999999994 0.32058208000000005
0.0055905152 0.039349564000000004 0.32055902999999997
0.0059198066 0.039335527999999995 0.32049687000000004
0.0057286826 0.03936896 0.3205582
0.0058267527999999996 0.039357481 0.32053096
0.005676666299999999 0.039312484999999994 0.32051651
0.0056937928 0.039358109999999995 0.32056300000000004
0.0058003259 0.03931752599999999 0.32054098
0.005695791099999999 0.039321407 0.32051718
0.0056470058 0.039332391 0.32050601
0.005746526 0.039357068 0.32050397999999997
0.0057525798 0.039314193 0.32052941
0.0056855165 0.039315352 0.32054777
0.005757678 0.03934149199999999 0.32056941
0.005671680100000001 0.039383389 0.32054836000000003
0.0058665613 0.039396315 0.32056852999999996
0.0059145212999999995 0.039375269 0.32053907
0.0057355208 0.039346744 0.32057408
0.0056001744 0.039374255 0.32053551
0.0059238908 0.03937643100000001 0.3205059
0.0057876111 0.039397513 0.32055947
0.0058427029999999994 0.03937835199999999 0.32053738
0.005725573800000001 0.039370718 0.32054769
0.0058402794000000004 0.039355871 0.32050383
0.0056768915000000005 0.039357003 0.32053341
0.0056568645 0.039368943 0.32051759
0.0058304162 0.039323696 0.32049484
0.0058416341000000005 0.03933013 0.32054676
0.0058486358 0.039307366999999996 0.3205265
0.0057869823 0.0393278 0.32054622000000005
0.0058113291 0.039326948 0.32051949
0.0057657351 0.039334262999999994 0.32052563
0.0058427207 0.039332705999999995 0.32054693999999995
0.005592065500000001 0.039306549 0.32050238999999997
0.0056429202 0.039315765999999995 0.32053298
0.005820081600000001 0.039324094000000004 0.32052239
0.0059344099 0.039347206 0.32058544
0.0057756986 0.039317906 0.32054852
0.005735265 0.039339696 0.3205406
0.0056849245 0.039335342 0.32054546
0.0057546735 0.039360293000000005 0.32053045999999996
0.0057516618 0.039354557 0.32054922
0.0058247742 0.03937123099999999 0.32054168
0.00587696 0.039378259000000006 0.32052790999999997
0.0057470577000000005 0.03937635999999999 0.32057457
0.0057152923 0.039406672999999996 0.32057558999999997
0.0058423486 0.039382980000000005 0.32055065
0.0058829724 0.039353666999999995 0.32056133
0.0056283674 0.03937187400000001 0.32056108
0.0058786738 0.039418893999999996 0.32057804
0.0057969839 0.039403833000000006 0.32053929000000003
0.0060214008 0.039412799 0.32055792
0.0058625858 0.039389262999999994 0.32053076999999996
0.0059574993 0.039393533 0.32054613
0.005825083900000001 0.039404492 0.32052989
0.0058431740000000005 0.039350389 0.32054920000000003
0.0057313476000000006 0.039378441 0.32055867
0.0056601703 0.03934854 0.32054529
0.0057533088 0.03936526 0.32051274
0.0056906262 0.039360354 0.32051949
0.0057047784999999995 0.039355904 0.32054055
