0.0056788216 0.039292648000000006 0.32058134
0.0056732681 0.039304014 0.32052299000000006
0.005731349100000001 0.039313883 0.32053757
0.005601778199999999 0.039299878999999996 0.32052977
0.0058359357 0.03929911800000001 0.32050122999999997
0.005631607499999999 0.039277733999999995 0.32052656000000007
0.0056530163 0.039315708000000005 0.32052801000000003
0.0055701017999999995 0.03929957 0.3205292
0.0057687734 0.039359499 0.32050677
0.0057826202 0.039338173 0.32047617999999994
0.0058197687 0.039340162 0.32053545
0.0057032451000000005 0.039314659 0.32050926
0.0056954535 0.039319597 0.32048816
0.005736744200000001 0.03935035199999999 0.32052034
0.0059838365 0.039353914000000004 0.32053249
0.0057431450999999994 0.03935704799999999 0.32050095
0.0057806678 0.03935439 0.32053709999999996
0.0057996218999999995 0.039375139999999996 0.32051821999999996
0.0059793827 0.039335888 0.32057706
0.0060214956 0.039341906999999995 0.32052781999999996
0.006062275099999999 0.039359414999999995 0.32056645000000006
0.005924188799999999 0.039335627 0.32053353
0.005859276199999999 0.039316141000000006 0.32055337
0.0057807659 0.039366649 0.32056187
0.005830724999999999 0.039356655 0.32050513
0.0057230034 0.039342184 0.32052759
0.005805754599999999 0.039367933 0.32059510999999996
0.0056989262 0.03932488 0.32057593
0.0057550159 0.039341611000000005 0.32053504
0.005848522199999999 0.039382661 0.3205488799999999
0.005833451700000001 0.039332298 0.32052686
0.0058627816 0.039325154 0.32054238
0.0058290227 0.039332870000000006 0.32053991
0.0058204556 0.039294324000000005 0.32052614
0.0058197382 0.039344762 0.32053158000000004
0.0058477844 0.039373906 0.32056338999999995
0.0057957186 0.03934050099999999 0.32055499000000004
0.005731971000000001 0.03936845399999999 0.3205498
0.0060413161 0.039384753 0.32054959
0.005880097599999999 0.03941535 0.32055479
0.0057965709 0.039392566000000004 0.32050655
0.0057288959 0.03939121500000001 0.32058564000000006
0.0056805575999999995 0.039396412000000006 0.32052671000000005
0.0056445563999999995 0.039365574 0.32053539999999997
0.005764437999999999 0.039374381 0.32056677999999994
0.0057514349 0.039357302999999996 0.32053955999999995
0.0056686959 0.039393883 0.32056633
0.005663132699999999 0.03945881999999999 0.32058408
0.005897326600000001 0.039386109 0.32052998000000005
0.0056931334 0.039391190000000006 0.32058038
0.005851703400000001 0.039344627 0.3205751
0.0055969124 0.039348143999999995 0.32056182000000005
0.0058752608000000005 0.039340471 0.32053919
0.0056445424 0.03936732 0.32054647999999997
0.0058169152 0.039390134 0.32056659
0.0058405847 0.039331266999999996 0.32051569
0.005608567200000001 0.039390746 0.3205095
0.005704320400000001 0.039391933000000004 0.32053699
0.005596677499999999 0.039335944 0.32053806999999995
0.0057338136 0.039358811 0.32052396
0.0056929365 0.039378351 0.32054979
0.005566928300000001 0.039376654 0.32054621000000005
0.0056582448 0.03936592 0.32054615000000003
0.0055547208 0.039330710000000005 0.32056626
0.0057779943 0.03933307 0.32054295
0.0056507705 0.039319068 0.32056355000000003
0.0057335293999999995 0.039324929999999994 0.32054128
0.0056772934 0.039359703 0.3205291600000001
0.005659697400000001 0.039335862 0.32056429000000003
0.005778183500000001 0.039340337 0.32054170000000004
0.0057190985 0.039332557000000004 0.32051258000000005
0.0055135941 0.03931915700000001 0.32055514000000007
0.0057507411 0.039343246 0.32055825
0.0058853334 0.03932768999999999 0.3205442
0.005553888200000001 0.039319943 0.32055029999999995
0.005691621799999999 0.039363264 0.32056722
0.005673405 0.039347325 0.32053428
0.0057902594 0.039351821999999995 0.32053366
0.005762532900000001 0.03938536100000001 0.32049216
0.005580237300000001 0.039391477999999994 0.32053386000000006
0.005611964499999999 0.039399253999999995 0.32048388
0.0056772028 0.039395174 0.32055091
0.0057212259 0.03935184199999999 0.32053767000000005
0.0057861905 0.039408045999999995 0.32051578999999997
0.0057403891999999995 0.039360740000000005 0.32055364000000003
0.0058041922999999985 0.039370447999999995 0.32056385
0.0056502486 0.03935182599999999 0.32050763000000004
0.0056738586 0.039364975 0.32054748
0.0058876737 0.039384802000000003 0.32051028
0.0057285774 0.039340777 0.32054503
0.0056995212 0.039382498 0.32053921
0.005617087 0.039367842 0.32052257
0.0055864834 0.039342007 0.3205619
0.0057865925 0.039320651 0.32050263
0.0055722186 0.039325466 0.32054019000000006
0.0057850949 0.039307844999999994 0.32052151999999995
0.0057847943 0.03936898 0.32055782
0.0057435982 0.039313553 0.32051145999999997
0.0057299529 0.039326822 0.32053623
0.0057974743 0.039330989999999996 0.32055854000000006
0.0057081271999999995 0.039336023000000005 0.32057615
0.005522937599999999 0.039341773 0.3205599
0.0059478434 0.039328643 0.32052209
0.0057681227 0.039348062 0.32049574999999997
0.005842373 0.039385039 0.3205382500000001
0.005760642000000001 0.039367724 0.32055680000000003
0.0057894684 0.03939224400000001 0.32056987000000003
0.0059004181 0.039397658999999995 0.32054092
0.0057373406 0.039397161 0.32055857
0.0058222129 0.039357926 0.32053765
0.005763565500000001 0.039353553 0.32051154
0.0057026953 0.039364321 0.32055489000000004
0.0057170209 0.039343908999999996 0.32050781
0.0057410701 0.039310367 0.32052603
0.0058291322999999996 0.039306732 0.32054330000000003
0.005811166299999999 0.0393493 0.32053143
0.0058857046000000005 0.039328985 0.32055522999999997
0.005727798199999999 0.039347483 0.3205514099999999
0.0057031403 0.039373804 0.32053873
0.0058229767 0.03932651399999999 0.32053889999999996
0.0057498346999999995 0.039356732 0.32053153
0.0057108144 0.039337760000000006 0.32052475
0.0059119202 0.039355576 0.32051840000000004
0.005808513999999999 0.039366108 0.32055581
0.0059569476 0.039337316 0.32053464
0.0057918178 0.03933734900000001 0.32050734
0.0059348701000000005 0.039362911 0.32053583999999996
0.0058156974 0.03938053700000001 0.3205543
0.0058589448999999995 0.039334708 0.32052846
0.005729442899999999 0.039348987 0.32053683
0.005930362999999999 0.039324421000000005 0.32050306
0.005661050000000001 0.039326679 0.32052004
0.0057924445000000005 0.039352857 0.3205401
0.0058123616000000005 0.039362028 0.32054676000000004
0.0058249668 0.039331066 0.320568
0.0058765619 0.039354288 0.32056914999999997
0.005734454 0.039348128 0.32057048
0.005756767800000001 0.039352909 0.32052712
0.005593524399999999 0.039346692 0.32054802000000004
0.005741683900000001 0.039369835 0.32051604
0.005654708100000001 0.03932141000000001 0.32057181999999995
0.0057439981 0.039306626 0.32053439000000006
0.0056374217999999995 0.039330906 0.32054309
0.005684217899999999 0.03936419 0.32055961
0.0056706284 0.03932206 0.32051814
0.005701898500000001 0.039320583000000006 0.32051684
0.0054794979 0.039309973000000005 0.32051070000000004
0.005687415899999999 0.03933046999999999 0.32052664000000003
0.0058132927 0.039349682999999996 0.32056229
0.005874479399999999 0.03932857199999999 0.32051895
0.0057518459 0.039370184999999995 0.3205633
0.005844156200000001 0.039302217 0.32053332999999995
0.0057411965 0.039293128 0.32058633
0.0056039833 0.039298009 0.3205637499999999
0.0057892196 0.039294432000000004 0.32058338000000003
0.0057917233 0.039329091 0.32054569
0.0058518840999999995 0.039317343 0.32059356
0.0056606622 0.03934191199999999 0.32057473999999997
0.0056822104 0.039353658 0.32052794
0.005833264699999999 0.039303913 0.32055012
0.00583159 0.039362752 0.32054119000000003
0.0058224793999999995 0.039351581999999996 0.32050009
0.0058536141 0.039365403 0.32054184
0.005710359999999999 0.03936056 0.32050552
0.0058748562 0.039353708 0.32053537
0.0057146903 0.039337862 0.32050851999999996
0.0058662697 0.039358306999999995 0.32051053
0.0058751074 0.039316798 0.32052248
0.005707706000000001 0.039363353 0.32051193000000006
0.0057122019 0.039317196 0.32052436999999995
0.005818661399999999 0.039335729 0.3205137
0.005681321 0.039324444 0.32054678000000003
0.0056822833 0.039313149 0.32052307
0.005812067200000001 0.039394365 0.32053162
0.0057361528 0.039364159 0.32055694
0.005822195699999999 0.039388997999999995 0.32056831
0.0059028556 0.039338418 0.32056196
0.0056598863999999995 0.039378250999999996 0.32054168
0.0058360698 0.039349802 0.32055310000000004
0.005781177 0.039332486 0.32054811
0.005779556599999999 0.039360379 0.32051063
0.0058341543 0.03930992900000001 0.32054688
0.005651168 0.039340313 0.32054465
0.0058553645 0.039368098000000004 0.32058353
0.0058442375 0.039362503 0.32056347
0.0059790040000000004 0.039334281000000006 0.32056012
0.0058502865 0.039377079999999995 0.32052537999999997
0.0059282070000000004 0.03938116999999999 0.32051314
0.0058970238 0.039363356 0.32052194
0.0060038974 0.039353616999999994 0.32053333000000006
0.0059814862 0.039401975 0.32055876
0.0058870124 0.03939133 0.32056004
0.0060093692 0.039407828 0.32053207
0.005872482900000001 0.039368665000000004 0.3205552
0.0058347203 0.039337870999999996 0.32056485
0.0058040943 0.03939865499999999 0.32058591000000003
0.0058570365 0.039375920999999994 0.32053957000000005
0.0057047535 0.039371013 0.32055037999999997
0.0057718540999999995 0.039337990999999996 0.32054178
0.0058804483 0.039338172 0.3205242
0.0057333383 0.039358435000000004 0.32052037
0.005763483 0.039346492 0.32056151
0.0057698673 0.039348273999999996 0.32054674000000005
0.0059424874 0.039293139 0.32055716999999995
0.0058026571 0.039333515 0.32050033
0.0057970064 0.039351540000000004 0.32051550000000006
0.0059431165 0.039347814999999994 0.32056177999999996
0.0057129573 0.039349436 0.32052987
0.005876772600000001 0.039342253 0.32055239999999996
0.0058669607999999995 0.039355354 0.32058062
0.0057662823 0.039376648 0.32057548
0.005803045299999999 0.039383094 0.32056927
0.0056529865 0.039362492 0.32057628
0.0057653883 0.039365786 0.32054012
0.005848444100000001 0.039373802 0.32055248999999997
0.005659719499999999 0.039360848999999996 0.32055256
0.0057253191 0.039333665 0.32055251
0.005738976099999999 0.039303505 0.32052557000000004
0.0059471396 0.039315041 0.32049341000000003
0.005632731 0.039383250999999994 0.32056732
0.005682442099999999 0.03937522 0.32057778000000003
0.0058144764 0.039377397999999994 0.32057762999999995
0.0058358313 0.039349394 0.32051101
0.0058904131 0.039389321 0.32052819
0.0059894625 0.039385406 0.32055023
0.0058640878 0.039360844 0.32056771
0.005764376 0.039343483 0.32051082000000003
0.005830626199999999 0.039339728000000004 0.32050002
0.0058030967000000004 0.039340360000000005 0.32055444999999994
0.0058304521 0.039388908 0.32053181
0.0058305679999999995 0.03937159999999999 0.32055144999999996
0.005763228600000001 0.039368647 0.32053628000000006
0.005549142500000001 0.039330064000000005 0.32054953999999997
0.0057578117 0.039326921 0.32052377000000004
0.0056851986 0.039317653999999994 0.32057936
0.005837172000000001 0.039328958000000004 0.32055785000000003
0.0057420212 0.039359907 0.32055267
0.0058319865 0.039388281 0.32055722
0.005800431400000001 0.039381577 0.3205146
0.0057710047 0.03936707399999999 0.32057856999999995
0.0058252442 0.03937382099999999 0.32055248000000003
0.0058297516 0.039360675 0.32055401
0.0057949188999999995 0.03936907599999999 0.32054254
0.0058642532999999995 0.039363545 0.32055826
0.0058892829999999995 0.039351530999999995 0.32052347000000003
0.0058521639 0.039362905 0.32051385
0.005792825 0.039328778 0.32053926
0.0058708002 0.039313842 0.32051683999999997
0.0057582933 0.039292485 0.32055042
0.0058574847 0.03930084700000001 0.3205728
0.0057988154 0.03932163500000001 0.32058737
0.005750812100000001 0.039307798 0.32055725999999996
0.0058894172 0.039321934 0.32053929999999997
0.0058516459 0.03931029600000001 0.3205373000000001
0.0056827526 0.03936274199999999 0.32053034999999996
0.0056443000000000005 0.039343354000000004 0.32051617
0.0057515826 0.039372546 0.32053822000000004
0.0058068973 0.039345632 0.32056681
0.0058185657 0.039326237 0.32054976
0.005922567499999999 0.039410835 0.32056187
0.005881765600000001 0.039405324 0.32054296
0.005838817599999999 0.039385959000000005 0.32057367999999997
0.0058504132 0.039369135 0.32056648000000004
0.0058318426 0.039360449 0.32052108
0.0056763439 0.039347614999999996 0.32051063999999996
0.0059962753 0.03933078500000001 0.32053432000000004
0.005877776499999999 0.039341018000000005 0.3205177
0.0058848738 0.039375715 0.32056696
0.0059890681 0.039393312 0.32051487
0.005986719100000001 0.039367762 0.32053947000000005
0.005965487699999999 0.039390403 0.32054331999999996
0.0058877253 0.039437371000000006 0.32053400000000004
0.0058383448999999995 0.039370943000000005 0.32054671
0.0057747865 0.039391670999999996 0.32052820000000004
0.0059600506 0.039383916000000005 0.32053251
0.0058112414 0.039378379000000005 0.32054056000000003
0.0058819007 0.039367373 0.32054491
0.0060054391 0.039382486 0.32055031
0.0060189092 0.039389706000000003 0.3205388
0.0057113107 0.039411342999999995 0.32053979000000005
0.0056409267 0.039392718 0.32050689
0.0056059763 0.039388772 0.32052092000000004
0.005809706900000001 0.039395805 0.3205405
0.005967448 0.03940273799999999 0.32051535
0.005856927699999999 0.039387978 0.32055942
0.006016542999999999 0.039369026 0.32053133999999994
0.0057440661 0.039369781 0.32054657
0.005893055499999999 0.039409478 0.3205190299999999
0.0057872504 0.039423761 0.32053610000000005
0.0060682541 0.039430946 0.32054789
0.0059411862 0.039410242 0.32055722000000003
0.005941914600000001 0.03942488400000001 0.32052698
0.0060536497 0.03944556600000001 0.32052328999999996
0.0059097169000000005 0.039437758 0.320538
0.0059033485 0.039444821 0.320558
0.0059299642 0.039432172 0.32056696
0.0058309952 0.039445101999999996 0.32056158
0.006074786699999999 0.039423557000000005 0.32052570999999996
0.0059070588 0.0394687 0.32060587999999995
0.0058101954 0.039434897 0.32057451
0.006042112300000001 0.039423619 0.32054425
0.0059953812 0.039411822 0.32054622
0.0058826174 0.039420669000000005 0.32052355
0.0058489345 0.03942798200000001 0.32052154
0.0058779652 0.039403809 0.32050827
0.0059656799 0.039422175 0.32051323000000004
0.0061517538 0.039440538000000004 0.32052578
0.0059045001000000005 0.039423362 0.32054486
0.0058999007 0.039404315999999995 0.32055192
0.0059256073 0.039405342999999995 0.32051396000000004
0.005908167 0.03938679099999999 0.32053246999999996
0.0060436 0.03945760699999999 0.32053528
0.0059234568 0.039443861 0.32055616
0.005902558300000001 0.039460468 0.32054479
0.006040797400000001 0.039461171999999996 0.32058298999999996
0.0060391085 0.039443335 0.32052509999999995
0.005953509500000001 0.039418791 0.32052659
0.005851149 0.039426204000000006 0.3205108
0.0059804343 0.039379146999999996 0.32053288999999996
0.005916871799999999 0.039412007 0.32053688999999996
0.005830636200000001 0.03940153 0.32058206
0.005709024199999999 0.039411275 0.32057136
0.0060143637 0.039422992000000004 0.32053624999999997
0.0058861095 0.039422221 0.3204791699999999
0.0058884582 0.039404276 0.32052585
0.0058498627 0.039379101 0.32052939999999996
0.0058318861 0.039424106 0.32057956
0.0059035467 0.039422654 0.32055453999999994
0.0059552871 0.039408352 0.32051740999999995
0.005835441700000001 0.039384312 0.32054952000000003
0.0059277081 0.039340093 0.3205369800000001
0.005768697799999999 0.039397582 0.32055511999999997
0.0057953606000000005 0.039364446 0.32053169
0.0058582239999999995 0.039357106 0.32053178
0.005710133500000001 0.03940286 0.32054598
0.0055814370999999995 0.039380419 0.32056422000000007
0.0057305004 0.039413605000000004 0.32055285
0.0058325173 0.039402216000000004 0.320585
0.0058207091 0.039399289 0.32055523999999996
0.005849087800000001 0.039412808 0.32054784999999997
0.0058092705 0.039383603 0.32055857000000004
0.0058394346 0.039413176 0.32052868
0.0057135051 0.03938193 0.32056121000000004
0.0057564055 0.039396971999999995 0.32055658000000004
0.0059806802 0.039375789 0.32049843
0.005788467699999999 0.03938008 0.32051769
0.0057758476 0.03938285700000001 0.32050240999999996
0.0056761263 0.039391519 0.32054237
0.0056462349999999994 0.039415126 0.32052528999999996
0.0058131867 0.039419222 0.32056882
0.0057045997 0.039426471 0.32059501999999995
0.0058005164 0.03942666599999999 0.32058566
0.0056972423000000005 0.03940420000000001 0.32058905
0.0055916751 0.039389533000000004 0.32055775
0.0056675969 0.039383512999999995 0.32054692
0.0057678291999999996 0.039413856000000004 0.32051884999999997
0.0058869797 0.039383113000000004 0.32056593999999994
0.0056866731 0.039398863 0.32056709000000005
0.0057315900999999995 0.039382077 0.32056036000000004
0.005683273 0.039407023 0.32055868
0.0057515958 0.03940145900000001 0.32055084999999994
0.0057792297 0.03937378 0.32053436
0.0058844239 0.039392994 0.32055216999999997
0.0058007427 0.039388873000000005 0.32054852
0.0057245442 0.039337366 0.32050550999999994
0.0057922243 0.039341446 0.32056356
0.0057916998 0.039349327 0.32047302999999994
0.0058216181 0.039354887 0.32055018
0.0057181763 0.039378237 0.32055971
0.0058617026 0.039369349 0.32050805
0.0057819352 0.039391994 0.32054128000000004
0.0056732543000000005 0.039366169 0.32051306
0.005775483 0.039341774999999995 0.32055351
0.005747571700000001 0.039397394999999995 0.32053304000000005
0.0056853728 0.03938085299999999 0.32055184
0.0058628236 0.039347125999999996 0.32050243
0.0058038597 0.039368120000000006 0.32056639
0.005841827199999999 0.039363418000000004 0.32053108
0.005887844 0.039363632999999995 0.32051760999999995
0.005682458 0.039372369000000004 0.3205248
0.0059817588 0.039414343 0.3205713599999999
0.0058954699 0.039421081 0.32055479
0.005868846400000001 0.039402463000000006 0.32052101
0.005842272 0.039402873000000005 0.32059065000000003
0.0058220143 0.039386845 0.32059133
0.0057226918 0.039429647 0.3205812600000001
0.0057575747 0.039401566 0.32054191
0.0057397782 0.039360549 0.32056059
0.005835541200000001 0.039356566999999995 0.32052219000000004
0.0057154051 0.039341732 0.32051884999999997
0.0059752943000000005 0.039371375 0.32059179
0.0057913971 0.039382612 0.32052805
0.0055991139 0.039354659 0.32057138
0.005793177199999999 0.039352792 0.32055442
0.005922389299999999 0.039346985 0.32054678999999997
0.0056609923 0.039327829999999994 0.32054202
0.005766511899999999 0.039364049 0.32055011
0.0057975367 0.039376663000000006 0.32056308000000006
0.0058418371 0.039368796000000005 0.32051742
0.0057995277 0.039387368 0.32055225000000004
0.0057794956 0.039354966 0.32057097
0.005840630000000001 0.039396112999999996 0.3205851
0.0056776095999999995 0.039366519 0.32055563000000004
0.0056638802000000005 0.039371559 0.32053173
0.0057344466 0.039361295000000004 0.32051751000000006
0.0059219387000000005 0.039358716 0.32055409
0.0057504111 0.039374980999999996 0.32054918999999993
0.0056893196 0.039327475 0.32054550000000004
0.0058076587 0.03936685799999999 0.32051767
0.0058529787 0.039357249000000004 0.3205622
0.0056252146 0.039361309 0.32050604000000005
0.0057426327 0.03937269 0.32053487
0.00578764 0.039382878 0.32054270999999995
0.005807262400000001 0.039367441999999996 0.32054331
0.0056242259 0.039375692000000004 0.32053473
0.0057658299 0.039354825999999996 0.3205554
0.005695110000000001 0.039340036 0.32055520000000004
0.0056545278 0.039355565999999995 0.32053917
0.005723457899999999 0.039332042 0.32051799000000003
0.0057474068 0.039343795 0.32050347
0.0057480741 0.03934156700000001 0.3205093600000001
0.005707130600000001 0.039381946 0.32055493
0.005681043100000001 0.039364234000000005 0.32055681999999996
0.005718855399999999 0.039356451 0.32054021
0.0056087801 0.039365325 0.32057807
0.0057760460999999996 0.03933481900000001 0.32058681
0.0056716796 0.03936049100000001 0.32055432
0.0057960536 0.039370561 0.32052261
0.0057563708 0.039351797 0.3205328
0.005741445999999999 0.039407527 0.32050334999999996
0.0057682428 0.039395702000000005 0.32054846
0.005676142300000001 0.039364257 0.32056443
0.0057047593 0.039364949999999996 0.3204784500000001
0.0058426779 0.039351866 0.32050856
0.005913535000000001 0.039359501000000005 0.32054792
0.0057589653 0.039388178999999995 0.32056647
0.0058164763 0.039326541 0.32053981000000004
0.0059271244999999995 0.039362296000000005 0.32052951999999996
0.0059824498 0.039352578 0.32055265
0.005856622099999999 0.039363263999999995 0.32059133
0.0059682518 0.039394047 0.32054137000000005
0.00583269 0.039393696 0.32055701000000003
0.005624710600000001 0.039345801 0.32059041000000005
0.0057217737 0.03940044699999999 0.32054222
0.005903438400000001 0.039363923 0.32052207
0.0057815902 0.03937609500000001 0.32058034999999996
0.005844747799999999 0.03932352099999999 0.32054057999999996
0.0059651569 0.039365007 0.32050210999999995
0.0058097249 0.039362494 0.32051569
0.005649393800000001 0.039350579 0.32055987999999996
0.005877033 0.0393945 0.32057076
0.0056807436000000005 0.039359535 0.32054554
0.0057399370000000005 0.039338814 0.32055311
0.005828127 0.039375919 0.32055227999999997
0.005828208499999999 0.039367725 0.32057536
0.005703532 0.039361503 0.32054681999999995
0.0056748556 0.039373581000000005 0.32054530999999997
0.005849209200000001 0.039314752999999994 0.32053083
0.0059438966 0.039347497999999995 0.32053763999999996
0.005806064 0.039340574 0.32049949
0.0056280837 0.03935000400000001 0.32057114000000003
0.0057367871 0.039341869999999994 0.32051807000000004
0.0057749179999999995 0.039318847999999997 0.32051124
0.005935048199999999 0.039308194 0.32057838
0.0057585066 0.039339791 0.32054911
0.0057185078 0.039325337 0.32053151
0.0056881305 0.039362741 0.32054874
0.0058157007999999994 0.039357117000000004 0.32049278000000003
0.0057441762 0.039354921 0.32054163
0.0058184578 0.039362429000000004 0.32052006
0.0056205234 0.039337865 0.320563
0.005823605599999999 0.039353665999999995 0.3205592
0.0056945591 0.039330229 0.3205154
0.005669418399999999 0.03929843500000001 0.32053082
0.005756799599999999 0.039309221 0.32052361
0.005685220100000001 0.039300702 0.32059076
0.0059077504999999995 0.039312746 0.32049897
0.0057366030999999994 0.03931952700000001 0.32052586999999994
0.0056107525999999994 0.03931525400000001 0.32050658
0.0056197417999999996 0.039300754 0.3205514
0.0056175131 0.039296013000000005 0.32050676
0.005916106399999999 0.039325878999999994 0.32056436
0.0057973124 0.039327825 0.32055596
0.0057411396 0.039327111000000005 0.3205366
0.0058240265 0.039335204 0.32056691000000004
0.005826036599999999 0.039336870999999995 0.32051774
0.0057001056 0.03933692400000001 0.32052748999999997
0.005775290099999999 0.039333377999999995 0.32056156
0.005730649 0.039332345 0.32051873999999997
0.005824068 0.039329041 0.32053012999999997
0.005619442600000001 0.03931261999999999 0.32051032
0.005777675299999999 0.039295114 0.32052033999999996
0.0056412845 0.039349508 0.32052546
0.0057496893 0.039329853000000005 0.32052081
0.0056574458999999995 0.039365823 0.32050049999999997
0.0056682091 0.039398377 0.32053527
0.0057740607999999995 0.039351734000000006 0.32052139
0.0057965888 0.039371989999999996 0.3205381
0.0058399464 0.039394361999999995 0.32052555
0.0058311901 0.039389156 0.32053133
0.0056577465 0.039350886 0.32049812999999994
0.0058224743 0.039393888 0.3205082
0.005776927300000001 0.039355393 0.32054093000000006
0.005768606399999999 0.039354595 0.32056057
0.0057744649 0.039357818 0.32055047000000003
0.0058075801 0.039334369999999994 0.32057264
0.0055372938 0.039367685 0.32051464999999996
0.0058191928 0.039357477999999994 0.320546
0.0058724183 0.039334056 0.3205523
0.0056718188 0.039343675 0.32052044
0.005670439099999999 0.039374665999999996 0.32057164
0.0056958788 0.039347566 0.3205127
0.0056709041000000005 0.039376237 0.32053123999999994
0.0058123719 0.039387874 0.32050874
0.0058363283000000005 0.039364856000000004 0.3204834
0.0058169228 0.039352718 0.32050843
0.005768800100000001 0.039400176 0.32053401
0.0058491412 0.039378248 0.3204959499999999
0.0058676119999999995 0.039355593 0.32050931
0.0057466269 0.039368129 0.32050759
0.0057484901 0.039376707 0.32058806
0.0057082209 0.039367832 0.3205326599999999
0.0058067710000000005 0.03938865 0.32055361000000004
0.005869053 0.039368897 0.32055113
0.0058111075 0.03934573000000001 0.32061575999999997
0.0058071004 0.039361458 0.32056311000000004
0.005959632500000001 0.039358990999999996 0.32057563
0.005748578 0.039347372000000005 0.32056924
0.0058322548 0.039373784 0.32053523000000006
0.0057866923 0.039354425 0.32052972999999996
0.0058446418 0.039386961000000005 0.32058215
0.0059920706 0.039394717 0.32055988
0.0057740871 0.039364120999999995 0.32053619
0.005774880099999999 0.03935884599999999 0.32055591
0.0060142673 0.03932960499999999 0.32055325999999995
0.0059352502 0.039347072999999996 0.32055466
0.0059418853 0.039323675 0.32051702000000004
0.005869667699999999 0.039324542000000004 0.3205536
0.0058625477 0.039344024 0.32052411000000003
0.005757865199999999 0.039321595 0.32054696
0.0057433002999999995 0.039332037 0.3205354100000001
0.005733261000000001 0.039335799 0.32053503
0.005537498300000001 0.039335198 0.32056516
0.0057562689 0.039334527 0.32056052
0.0057508955 0.039287132999999995 0.32052076
0.0056691069 0.03931289 0.32054369
0.0058536598 0.039338414 0.32053861
0.0059393975000000005 0.039368186 0.32052841
0.0058230145 0.039314554999999994 0.32052354000000005
0.0057630729 0.039282567000000004 0.32051083999999996
0.0058670226 0.039301444000000005 0.32050037
0.0058749014 0.03934594400000001 0.32052611000000003
0.005931939 0.039328316 0.32054196
0.005936311200000001 0.039322509 0.32054320000000003
0.005834421899999999 0.039323956 0.32055259
0.0057969616 0.039307439 0.32054269
0.005746581200000001 0.039322240999999994 0.32058561
0.005949680399999999 0.039336737000000004 0.32053286
0.0057496944 0.039317722 0.32052361
0.0057852934 0.039345055000000004 0.32051065
0.0057464885 0.039341254 0.32047877999999996
0.0057522979 0.039328204 0.32050497
0.0059166487 0.039324477999999996 0.32055292
0.0055835024 0.039301750999999996 0.32050649
0.0057661482 0.039310783 0.3205171
0.0055980861 0.039292613000000004 0.3205469099999999
0.005685441599999999 0.039331264 0.32054712
0.0057969419 0.039314729 0.32054113999999995
0.005818560299999999 0.039315039 0.32054594999999997
0.005571349200000001 0.039301719000000006 0.32051871
0.005630507 0.039321631 0.32057494999999997
0.005802269299999999 0.039328777999999995 0.32054726
0.0057989282 0.03936231 0.32057427
0.005576917799999999 0.039344589 0.32055557
0.0056708937000000004 0.039369116999999995 0.32052421
0.005879639299999999 0.039373928 0.32052916
0.0056062773 0.03938789299999999 0.32053519999999996
0.0057409823 0.039366883 0.32054576999999995
0.0057843474 0.039382145 0.32052466999999996
0.005954593499999999 0.039360256999999996 0.320523
0.0057118452 0.039347471999999994 0.32051125999999996
0.0058397317 0.03935208999999999 0.32057842999999997
0.0058042842999999995 0.039336784 0.32054408
0.005834618200000001 0.039378079 0.32059442
0.0057005805 0.039331072999999994 0.32056880000000004
0.0056970441 0.039277479000000004 0.32052508
0.0056917478 0.039346751000000006 0.32054906
0.0057535007 0.03929698499999999 0.32056770000000007
0.0057394278 0.039307605 0.32054855
0.0057410617 0.03929278 0.32054949
0.005732135299999999 0.03929684099999999 0.32058148
0.0056253743 0.039339054 0.3206023
0.005728488800000001 0.039310492 0.32053503
0.0056990776 0.039310676 0.32056731
0.0058160372000000005 0.039293518000000006 0.3205299
0.0057637317 0.039301736000000004 0.32050831
0.0056406532 0.039333937 0.32051903000000004
0.0056315347 0.039307598000000006 0.32053580000000004
0.0056799487 0.039319254 0.32053576
0.0058691478 0.039352518 0.32055112
0.0056839405999999995 0.039313924 0.32052066
0.0056732703999999995 0.039328765999999994 0.32055617000000003
0.0058572696 0.03933728 0.32056916999999996
0.0056881069 0.03931634 0.32054708
0.0055598112000000005 0.03933666200000001 0.32053037000000006
0.0056205708 0.039285565 0.3205204
0.005740837700000001 0.039281208 0.32052914
0.0058290527 0.039306344 0.3205438
0.0057389636 0.039327188 0.32051614
0.0057469545 0.03931193 0.32054766
0.0058251801 0.039306425 0.32057101
0.005624826299999999 0.039263479000000004 0.32054969
0.0055791365 0.039342128999999997 0.32051657
0.005683443200000001 0.039295960000000005 0.32052337000000003
0.0057690998 0.039323074 0.32052383000000007
0.0057532802 0.039300269000000006 0.32053249
0.0057791527999999995 0.03931868100000001 0.3205625
0.005875169800000001 0.039317724 0.32054654
0.0058856871 0.039329322 0.32051343
0.0058400095999999995 0.039355668999999996 0.32053573
0.005783581899999999 0.039343015999999995 0.32054788999999995
0.0058309307000000005 0.039331628 0.3205733
0.005976741200000001 0.039347611000000005 0.32056531
0.0059170553 0.039363303 0.32053753
0.005842401499999999 0.039321605 0.32053138
0.005670303100000001 0.039359095 0.32056677
0.005780482000000001 0.03933136300000001 0.32050706
0.0057492093000000005 0.039344033 0.32055260999999996
0.0057843899 0.039339352 0.32058622999999997
0.0056255874 0.039367174 0.32057554999999993
0.0057152465999999996 0.039345917 0.32054897000000004
0.0057066903 0.03934807 0.32052831
0.0057761683000000005 0.039340681 0.32052357000000004
0.0057064234000000005 0.039319795 0.32054460999999995
0.005810472799999999 0.039325442 0.32052916000000004
0.0057239729 0.039336404000000005 0.32052432
0.0057623768999999995 0.039335326999999996 0.32055227
0.0056437954 0.039359688999999996 0.32052212
0.0058752391000000005 0.039361386000000005 0.32053604
0.005637865400000001 0.039335366999999996 0.32053725
0.005623539800000001 0.039295397999999995 0.32054277
0.0057364461 0.03934121300000001 0.32051441999999997
0.0055701284999999994 0.039357626 0.32053626
0.0057965787 0.039344874999999994 0.32052804999999995
0.0058547689 0.039300157999999995 0.32052099
0.005733233999999999 0.039344818000000004 0.32054222
0.0057557936 0.039357945 0.32050999999999996
0.0058573935 0.039341104 0.32053187000000005
0.0057593602 0.039347303 0.32056766
0.005459288 0.039326902 0.32055005
0.005696958700000001 0.039342642 0.32056742000000005
0.005674190500000001 0.039316509 0.32056639
0.0055792146 0.039325766 0.32056338
0.0056747839 0.039321673 0.3205643000000001
0.005808892799999999 0.039352534 0.32055065000000005
0.0057104289 0.039337499 0.32049338
0.0057364424 0.039319054000000006 0.32055796000000003
0.005749070199999999 0.039342444 0.32052349999999996
0.005718760000000001 0.039316798 0.32055004000000004
0.0057149282 0.039313571000000005 0.32054616999999996
0.0054888339 0.039342247999999996 0.32055916
0.0057661981 0.039321897 0.32051036
0.005822676399999999 0.039351184 0.32053299
0.0058080762 0.039314277 0.32051985000000005
0.0057448145 0.039333306 0.32051704
0.0058480777 0.039319942999999996 0.3205507799999999
0.0056545096 0.039312884 0.32050810999999996
0.0055782284 0.039309569 0.32044015
0.0057610063 0.039321552999999995 0.32049023
0.005651674299999999 0.039300129 0.32055118
0.005746291 0.039302302 0.32057698
0.0055715302999999996 0.039327891000000004 0.32053415999999996
0.005677674400000001 0.039348021999999996 0.32054548
0.005752022900000001 0.039333800999999995 0.32048494000000005
0.0055444493000000004 0.03933169000000001 0.32057134000000004
0.0056460525 0.039396507000000004 0.32052307
0.005663597899999999 0.03931645 0.32057919999999995
0.0054441852 0.039289519 0.32054548
0.005813628600000001 0.039329173 0.32053787
0.0056065980999999996 0.039348983 0.32056682999999997
0.0056597595 0.039338914 0.32057156000000003
0.0056343239 0.039366398000000004 0.32053769
0.0056775344999999994 0.039334404 0.32055270999999996
0.005703089799999999 0.039318707999999994 0.32053962
0.0055413506 0.039344409 0.32053254999999997
0.0056269482 0.039269467 0.32054477000000003
0.005758417300000001 0.039320518 0.32055916
0.0057536263 0.039359328 0.32055695
0.0056732139 0.039358611 0.32051766000000004
0.0056291998 0.039372939999999995 0.32052509999999995
0.0057637728 0.039334733999999996 0.32056982
0.0057729172 0.039344534 0.32054268999999996
0.005496544399999999 0.039334066 0.32055886
0.0057208884000000005 0.039348329 0.3205243400000001
0.0055890999 0.039319884000000006 0.32055405000000003
0.0058725866 0.039348647 0.32053379
0.005816806999999999 0.039366821 0.32052527999999997
0.0057669301 0.039323672999999996 0.32055182000000004
0.0056861011 0.039341512 0.32054622
0.0055538713 0.039348855999999995 0.32055464
0.005695118 0.039307998999999996 0.32054321
0.0057685010000000005 0.039303441 0.32052487
0.0056783074 0.039389363999999996 0.32054028
0.005794434499999999 0.039269405 0.32052870999999994
0.0058684115 0.039325535 0.32051577
0.0057400527000000005 0.03933680299999999 0.32053032
0.0056495687000000004 0.039316988000000004 0.32055804
0.0055446583 0.039314062000000004 0.32051546999999997
0.0055320217000000005 0.039288162 0.32052176
0.0058151634 0.039287778 0.32054289
0.0058305806 0.039292293 0.32053092
0.0057795566 0.03929959400000001 0.3205151
0.0057551041 0.03932800799999999 0.32053887999999997
0.0056428757 0.039299941 0.32054953999999997
0.0056766872 0.039272941000000006 0.32055444
0.005577554300000001 0.03930009 0.3205552
0.005587035300000001 0.039276243 0.32055741
0.0056095065 0.039259101 0.32053735000000005
0.0056528767 0.039284398000000005 0.32053571999999997
0.0056225908 0.039296678999999994 0.32056066
0.005809939599999999 0.03929408400000001 0.32053222
0.005709266100000001 0.039314453 0.3205581
0.0055814865 0.039295181 0.32054246000000003
0.005635758 0.039281118 0.32053360999999997
0.0057224458999999995 0.039275513000000005 0.32049658999999997
0.0055950657 0.03930352899999999 0.32052759000000003
0.0056258196 0.039299848 0.32056617000000004
0.0057003447 0.039301385 0.32052003000000007
0.005585193299999999 0.039294445 0.32052658999999994
0.0055802722 0.039275616 0.32050782
0.0056334066 0.039270174000000005 0.32051282
0.005646224300000001 0.039280707 0.32050765999999997
0.0057026937 0.039292389000000004 0.32050060999999996
0.0057586508 0.039285248 0.32052371
0.0056984311 0.03928144099999999 0.32052136999999997
0.005627421400000001 0.0393213 0.32053349999999997
0.0057397831 0.039291877999999995 0.3205025
0.0057914514 0.039327003000000006 0.32051181000000006
0.0057423769 0.039349756 0.32049379
0.0058195194 0.039324683 0.32054259
0.005600464100000001 0.039307808 0.32054712999999996
0.005706404699999999 0.03934571399999999 0.32049094
0.0057836367 0.039344484 0.32050828
0.0057623133 0.039316971 0.32054415999999997
0.0057465145 0.039317467 0.32051949
0.005772074299999999 0.039348953 0.32052382
0.005675853600000001 0.039368897 0.3205672
0.005697433400000001 0.039342892000000004 0.32055700000000004
0.0058139895 0.039315441 0.32056936
0.0056996179000000004 0.039388748999999994 0.32054458
0.0057675944 0.03931931600000001 0.32054187
0.005694816100000001 0.039310093 0.32055377
0.0055574618999999995 0.039339929 0.32052880000000006
0.0056873853 0.039336193 0.32053464000000004
0.0056994861 0.039324872999999996 0.32053724
0.00583461 0.039317293 0.32053194
0.0055757814 0.039290861999999996 0.32055261999999995
0.005647999999999999 0.03936640600000001 0.32060614
0.005678950800000001 0.039326911 0.32053118
0.0057582667 0.039306295000000005 0.32052603
0.0056947692 0.03929985200000001 0.32051314
0.0058711935 0.039359699 0.32058183
0.005746689399999999 0.039321374 0.32053372
0.005905866 0.039346140999999994 0.32055241
0.0058869216 0.039330237000000004 0.32052753999999994
0.005787291399999999 0.039314137 0.32052452
0.0057090154 0.03930803099999999 0.32052676999999996
0.0057244316000000005 0.039320505000000006 0.32057009000000003
0.0057053246000000005 0.039320857 0.32056948999999996
0.0057321021 0.039321081 0.32052641000000004
0.0056373305 0.039332083000000004 0.32053103000000005
0.0058028333999999996 0.039332835 0.32051691
0.0057945869999999995 0.039356334 0.3205521
0.0058305966 0.039366975000000005 0.32052748
0.005814147899999999 0.039362317 0.32051388000000003
0.0057896951000000006 0.03931925000000001 0.32055182
0.0056112633000000006 0.039335252 0.32052792
0.0056425565 0.039338562 0.32057089000000005
0.0056186129 0.039362836 0.32053592000000003
0.005816067899999999 0.039324407 0.32053082
0.0057165889 0.039325913000000004 0.32050301000000003
0.0055545723 0.039304794 0.32054613
0.0055319935 0.039303445 0.32056967000000003
0.005724606200000001 0.039328011 0.32054470999999995
0.0057445491 0.039321134 0.32053265
0.0056928294 0.039322852000000005 0.32055412
0.0059259585 0.039333996999999996 0.32053698
0.0058590275999999995 0.039322936999999995 0.32051476
0.005867124099999999 0.039373628 0.32055317
0.0057032492 0.039335229 0.320538
0.0058529185 0.039347902000000004 0.32053001999999997
0.0058341043 0.039378351 0.3205195
0.0057863226 0.039379067000000004 0.3205615
0.0058402061 0.039332961 0.32053613
0.005623111699999999 0.03932852 0.32051082
0.0057633177 0.039311013 0.3205613
0.005683754000000001 0.039349331 0.32055477000000004
0.005681370399999999 0.039287268 0.32053471
0.005677322699999999 0.03933411700000001 0.32055621999999995
0.005755956 0.039324691 0.3205964
0.005712989199999999 0.039323099 0.32055358999999994
0.0057601421 0.039295083999999994 0.32059685000000004
0.005771323500000001 0.03928873199999999 0.32058048
0.0054791239 0.039300354999999995 0.32055542
0.0055161353 0.03929395 0.32057031
0.005559742899999999 0.03930991400000001 0.3205758
0.005495519700000001 0.039306147 0.32052815999999995
0.0057236972 0.039286358 0.32052803
0.0055718946 0.039254159 0.32054182000000003
0.0057116364 0.039282753 0.32052925000000004
0.0056183444 0.039307273 0.32058538
0.0055393335 0.039313112 0.32048250000000006
0.0058132466 0.039282164999999994 0.32055647
0.0057548448000000006 0.039302502 0.32053461000000005
0.005840609199999999 0.039306732000000004 0.32054684
0.005823585299999999 0.039340508 0.32052519
0.0056802443 0.039359239000000004 0.32051426000000005
0.0056293281999999995 0.039310806 0.32058004
0.005704476599999999 0.039343477 0.32057642
0.0055755996 0.039312401000000004 0.32058541
0.0057611533 0.039360533 0.32053524999999994
0.005846464000000001 0.03933241999999999 0.32055218
0.0058236804000000005 0.03931503800000001 0.32053484
0.0057812029 0.039294590000000004 0.32052437
0.0057281829 0.039335693 0.32050881999999997
0.0058173406 0.039277041 0.3205374
0.0056823715 0.03933737799999999 0.32053133
0.0057213795 0.039298515 0.32052664
0.005561484300000001 0.039302089 0.3205551
0.005917300700000001 0.039320276 0.32055431000000006
0.005730517199999999 0.039325502 0.32052631000000004
0.0058659513 0.039322628 0.32054269
0.0057626536 0.03933004400000001 0.32054562
0.0057285517 0.039334051999999994 0.32050532
0.005741737 0.039345359999999996 0.32051566
0.0058487733 0.039356942 0.32053132
0.0056587053000000005 0.039309324 0.32052722
0.0057469999 0.039306602999999996 0.32054688000000003
0.005793963500000001 0.039321364 0.32054835000000004
0.005731042 0.039298628999999995 0.32048423
0.005782226 0.03929023399999999 0.32047431000000004
0.005561229799999999 0.039311587 0.32054492
0.0056679535 0.039295792999999996 0.32052464999999997
0.005666275 0.039303397999999996 0.32047556
0.0056863369 0.039340689 0.32051785
0.0055017045 0.039288141 0.32055355
0.005635195599999999 0.039323172 0.32052221000000003
0.0055973991 0.039339987 0.3205225399999999
0.005797874299999999 0.039338148 0.32050769
0.0057903271 0.039332834000000004 0.32053232
0.0056776009 0.039340144 0.32049988
0.0058410553 0.039339348 0.32053688999999996
0.0057808181 0.039344953 0.32053379
0.0058164836 0.039321977 0.32052274000000003
0.0057808051 0.039340454 0.3205442
0.005855132000000001 0.03934035100000001 0.32059779
0.0057387261 0.039342591999999996 0.32052467
0.0057769999 0.039356294 0.32050964
0.0056919024 0.039351533 0.32058075999999996
0.005631384099999999 0.039323289000000004 0.32052759
0.0057973555 0.039355323 0.32054114
0.0058291119 0.039314469 0.32054520000000003
0.005714101199999999 0.039347393 0.32051546
0.005554346999999999 0.039350925 0.32053561999999997
0.0057813634000000004 0.039345219 0.32051528
0.0057519237 0.039324273 0.32053508000000003
0.0055391125 0.039325131000000006 0.32052613
0.005661335899999999 0.039352531999999996 0.32053987
0.0055732442999999994 0.03933585700000001 0.32053637
0.005668232800000001 0.039336986000000004 0.32055688000000004
0.0058056198 0.039355023999999995 0.32059565
0.005534478 0.039304606 0.32054853000000005
0.0057956431 0.039338977 0.32054216
0.0058605562 0.03935443 0.32054042000000005
0.005906319 0.039338294 0.32055902000000003
0.005907603799999999 0.039330923000000004 0.32052976
0.005622155 0.03931873 0.32057185999999993
0.0057475461000000005 0.03936052 0.32053391
0.005637599399999999 0.039320954000000005 0.32056163
0.0058217664 0.03936142199999999 0.32055212
0.005707149900000001 0.03933591599999999 0.32054331999999996
0.005660346200000001 0.039333856 0.32055500000000003
0.0058223946 0.039330853 0.3205668
0.0056443474 0.039344086 0.32052294
0.005764470900000001 0.03937282400000001 0.32048537
0.0058662657 0.039364751999999996 0.3205033199999999
0.0059438498000000005 0.039367959 0.32052481000000005
0.0056108372000000005 0.039349824 0.32051814
0.0057227442 0.039330821 0.32056018000000003
0.0057712471 0.039321517 0.3205434
0.0057456082 0.039302371999999995 0.32056017000000003
0.0057950203 0.039326530000000005 0.32056027
0.0057676409 0.039358694 0.32053757000000005
0.0057897188 0.039336298 0.3205587
0.005759736 0.03934355 0.32054532999999996
0.005712880700000001 0.03935152200000001 0.32056026
0.005572579100000001 0.039325979 0.32053148
0.0057144265 0.039353701000000005 0.32053316
0.0057377850000000005 0.039366407000000006 0.32051239
0.0057228807 0.039311791 0.32053272
0.005846488999999999 0.039360387000000004 0.32052960999999996
0.0057163809 0.039373998 0.3205224
0.0059396107 0.039347396 0.32055351
0.005983379500000001 0.039334124 0.32050765000000003
0.005920256399999999 0.039362115 0.32052107999999996
0.005855751 0.039343749 0.32052669999999994
0.0058873308999999995 0.039333149 0.32054624
0.0058547906 0.03935472500000001 0.32055318
0.0057391131 0.039326523 0.32050457
0.005877581799999999 0.039388985 0.32054859
0.0056555729 0.039318559 0.32050699
0.0057161366 0.039308644000000004 0.32054801999999993
0.0056810765999999995 0.039314807 0.320568
0.0057415765 0.039303144 0.32054427
0.005586400500000001 0.03928565999999999 0.32054382000000003
0.0057134189 0.039292406 0.32053165000000006
0.0057763230999999995 0.039288487999999996 0.32056728999999995
0.0057951400999999994 0.039302406 0.32054578000000006
0.0055980924 0.039310178 0.32055667000000004
0.005707349400000001 0.039297327 0.32055149
0.0056514943 0.039332734999999994 0.32056606
0.0058621597 0.039322701 0.32053151999999996
0.0057798756 0.039322842999999996 0.32053276999999997
0.0056598527 0.039331881 0.32054482
0.005573115799999999 0.039349836000000006 0.32053593
0.0056667575 0.03933983 0.32054917
0.005805819200000001 0.039331596 0.32054485999999993
0.0056117554 0.039339268 0.32052075
0.0056459836 0.039308499 0.32052622000000003
0.0058715869000000006 0.039336588000000006 0.32048525
0.0057732369 0.039301778999999995 0.32055164
0.0057379219999999995 0.039345016999999996 0.32051776000000004
0.0057742802 0.03931743800000001 0.32053408
0.0056648908 0.039352676 0.32057642
0.0055400715 0.039323011 0.32055073
0.0056496263 0.039340205 0.32053648
0.0057115186 0.039340561999999996 0.32055902
0.005693318300000001 0.039339174000000005 0.32052533
0.0058289409 0.039357389000000007 0.32051513
0.0057900034 0.03934307499999999 0.3205007
0.0058670248000000005 0.039331115 0.32057693
0.0055897689 0.039335943 0.32054141
0.0057637384 0.03933288 0.32050677000000005
0.0057503483 0.039350307 0.32054086000000004
0.0056783907 0.039368550999999995 0.3205112600000001
0.0056112518 0.039321474999999995 0.32052781
0.0057303857 0.039396326999999995 0.32051806
0.0057537989999999995 0.039373799 0.32053929999999997
0.0058296336 0.039386981 0.32053288
0.005811211299999999 0.039334214 0.32053647
0.0058760646 0.039347468 0.32053827
0.0057057417 0.039364063 0.32050869
0.0057769657 0.039383361 0.32054533999999996
0.0057273644 0.039331616 0.32054358
0.005703462500000001 0.039361921 0.3205663
0.0056336636 0.039344999 0.32056033
0.0058305516 0.039331665 0.32056264999999995
0.0058513557 0.039302808 0.32055839
0.0056880559 0.039303092 0.32055136000000006
0.0057621656 0.03932140199999999 0.3205339
0.005809604300000001 0.039325902 0.32054069
0.0057254547 0.039278026 0.32053078
0.0055163437 0.039330558 0.32053453
0.0057261592 0.039336298000000006 0.32046891
0.0057446264 0.039378699 0.32050051
0.0056722047 0.039344594999999996 0.32053993999999997
0.0057535642 0.039345671000000006 0.32051891
0.0057851276 0.039359752000000005 0.32056744
0.0058696846 0.039355010999999995 0.32051240999999997
0.0058307916 0.039330386999999994 0.32053685000000004
0.005886676499999999 0.039343382 0.32052495999999997
0.0057084149 0.039321901 0.32051996
0.0058477854 0.039347703 0.32049363999999997
0.0057045689 0.039369066999999994 0.32052062
0.0058103761 0.039372262000000005 0.32052095999999997
0.0057985249 0.039372405 0.3205305
0.0057268395 0.03934137 0.32054997
0.0056203905 0.039370752999999994 0.32053685
0.0056378866 0.039321586 0.32052650000000005
0.0057105913 0.039307067 0.32055491
0.0056767078999999995 0.039307046 0.32051036
0.0056712222 0.039306251 0.32056404
0.005751252100000001 0.039323959000000006 0.32054782
0.0057575192 0.039321387 0.32056070000000003
0.0057567375 0.039348652 0.32050352000000004
0.0056894510999999995 0.039341375 0.32054053
0.0056487453 0.039331252000000004 0.32051968999999997
0.0056516656 0.039328222 0.32055206999999997
0.0056869925 0.039328125 0.32051798
0.0056768189 0.039370302999999995 0.32058971
0.005661393199999999 0.03934558 0.32054710000000003
0.0057052632 0.039342455000000005 0.32052751
0.0057085565 0.03932082 0.32052535000000004
0.0056578084 0.039338149999999995 0.32053379
0.0055953741 0.039310824 0.32053034
0.0056914305000000005 0.039294023000000004 0.32055371000000005
0.0057571545 0.039324136999999995 0.32054759
0.0058476738 0.039295031999999994 0.32051375000000004
0.0057908301999999995 0.039306602 0.32056910000000005
0.0057795853 0.039318790000000006 0.32053434999999997
0.0057052728 0.03933601 0.32055122
0.0058449883 0.039307961 0.32052783999999995
0.0056189481999999995 0.039287620999999995 0.32053308999999996
0.0056856354 0.039306016000000006 0.320548
0.0056289571 0.039293694000000004 0.32054372
0.0057803426 0.03931725600000001 0.32051672999999997
0.0057425061 0.039289698 0.32053363
0.0055494134 0.039299878999999996 0.32053421000000004
0.0058047103 0.039318573 0.3205571
0.0057027526 0.039334561999999997 0.32054246
0.0056924431 0.039319826 0.32054109
0.005550841 0.03934230700000001 0.32053198000000005
0.0057288446 0.039279135 0.32052947
0.005898242600000001 0.039311689000000004 0.32055595000000003
0.005760960000000001 0.039326244 0.32050908
0.005826486800000001 0.039303464 0.32050984
0.005724475099999999 0.039318541 0.3205437
0.0058052534 0.039357292 0.320554
0.0057696647000000005 0.039352488 0.32051677
0.0058644316 0.039367362 0.32055248999999997
0.0057569393 0.039345363 0.32057316
0.005817971199999999 0.039398902 0.32055373000000004
0.0057458938 0.039363602 0.32058556000000005
0.0058165863 0.039382408 0.32059565
0.0056777237 0.039336032 0.32058179000000003
0.0056156131 0.039346902 0.32052896999999997
0.005853174699999999 0.03936196199999999 0.32055255000000005
0.0057280433 0.03930742499999999 0.32054775
0.005571387200000001 0.03931495 0.32055808999999996
0.0057193834999999995 0.039345414 0.32053631
0.005722292499999999 0.03931404 0.32054587999999995
0.005685974200000001 0.039349435 0.32056895
0.0055002264 0.039317858 0.32053922
0.005609673899999999 0.039334263 0.32055627
0.005629856000000001 0.039308067999999995 0.32055276000000005
0.0058992473 0.039355854 0.32054256
0.0057147858 0.039371733000000006 0.32052223999999996
0.0057867176000000005 0.039329384 0.32054799999999994
0.0056795561 0.039362947 0.32054914999999995
0.005892592 0.039374255999999996 0.32049729
0.0057636579 0.039324105000000005 0.32056931000000005
0.0058445102 0.039377770000000006 0.32060737
0.0058572493 0.039366292 0.32055955
0.0058182036 0.039370467000000006 0.3205904
0.005727307500000001 0.039357783 0.32057265
0.0057935845 0.039370712 0.32057665
0.0058534886 0.039314001 0.32054879000000003
0.0057670451 0.039359477 0.3205477
0.005834246499999999 0.039339936000000006 0.32055502
0.005688275099999999 0.039320938 0.3205507799999999
0.005704662 0.039328222 0.32054635
0.0057597133 0.03931644199999999 0.32055586999999997
0.0057329196 0.039307038 0.32053405
0.0058231676 0.039327350999999997 0.32052384
0.005720363 0.039321798 0.32053433
0.0056563114999999995 0.03931218100000001 0.32057454
0.005663568799999999 0.039325386999999996 0.32053023
0.0056621024 0.039315466 0.32053697000000003
0.0057977339 0.039301609 0.32052797
0.0057759314 0.039297741 0.32052229
0.0057688802 0.039326878999999995 0.32056258000000004
0.005819173799999999 0.039328952 0.32053522
0.0057169931000000005 0.039328092999999995 0.32054218
0.005773123000000001 0.039314928 0.32049262000000006
0.005890134199999999 0.039287657 0.32050725999999996
0.005697577 0.039281253 0.32050268
0.005861404200000001 0.039321274 0.32053722999999995
0.0057177684999999995 0.039299494000000004 0.32048537
0.005738201699999999 0.039310103 0.32053064
0.0057463932 0.039287477 0.32049733
0.005839712 0.039272074000000004 0.32051837
0.0056785687999999996 0.039271926 0.32048453
0.0057108917 0.03931817 0.32051828000000004
0.0058287266 0.039309435 0.32050208
0.0056304377 0.039328475 0.32047798
0.0055620249 0.039294097 0.3205743
0.005668237299999999 0.039296765 0.32055017
0.0054702042 0.039321365 0.32053577
0.0057034549 0.039278380999999994 0.32052800000000004
0.0056381121 0.039273036 0.32048688
0.0057138989 0.039317607000000004 0.32053718999999997
0.0055638193 0.039321326000000004 0.32057426
0.00560757 0.039342685 0.32057093000000003
0.0057538069 0.039279432 0.32056859000000004
0.0056491703999999995 0.039292732999999996 0.32054306
0.0055495436 0.039293764 0.32050832999999995
0.005466228700000001 0.039326968 0.32056502
0.0057569514 0.039352592000000006 0.32052314000000004
0.0055951186 0.039341058 0.32053926
0.005802555599999999 0.03935392 0.32058104000000004
0.0056130954 0.039334188000000006 0.32054313
0.005703488000000001 0.039335702 0.32054134
0.0059864554 0.039343508 0.32054734
0.0057842195999999995 0.039343946 0.32052003
0.0056688395 0.039345503000000004 0.32051493999999997
0.0056870967 0.039344971 0.32052983
0.005930177 0.03935126900000001 0.32051135999999997
0.0057674587 0.039332861 0.32051754000000005
0.0057626081 0.039310054999999997 0.32052698
0.005890013 0.03929861 0.32052697
0.005715423 0.039315456 0.32053632000000004
0.0057361501 0.039333898 0.32049907999999994
0.005740437900000001 0.039339788 0.32052111000000005
0.0056771872 0.039314970000000005 0.3205381
0.0056949763 0.039310188 0.32055669
0.0057819667 0.039317299 0.32053398999999994
0.0058545392 0.039335751999999995 0.32056117000000006
0.005708985 0.039318304000000005 0.32055405000000003
0.0056403644 0.039372791000000004 0.32055767999999996
0.005778432799999999 0.039324717 0.32055109000000004
0.005736288399999999 0.039358954999999994 0.32057017
0.0055922385 0.03932326 0.32055282
0.005687214899999999 0.039326599 0.32049705999999994
0.005668715599999999 0.039293913 0.32053667999999996
0.0057056037999999995 0.039302129 0.32057319
0.0057094322000000005 0.03933744 0.32054130999999997
0.0058884235 0.039325505 0.32054512000000007
0.005714837 0.039300845 0.3205441
0.005728119699999999 0.03932701 0.32053709999999996
0.0058328485 0.039291610000000005 0.32056969
0.0056812744 0.03932566999999999 0.32055856999999993
0.0055994304 0.039295231 0.32051385000000004
0.005640395099999999 0.039357487999999996 0.32055767
0.005754777599999999 0.039323675 0.32054343
0.0057880364 0.039288381 0.32053740999999997
0.0057191646999999995 0.039315721 0.32053973
0.0058318067 0.039298929999999996 0.32056766000000003
0.005778864 0.039329857 0.32054298999999997
0.0056633092 0.039314764 0.32052048
0.005738278500000001 0.039299353999999995 0.32054803
0.0056446681999999995 0.039299708 0.32054674
0.005630277 0.039317656 0.32053075999999997
0.0057128071 0.039310954999999995 0.32054899000000003
0.005719084399999999 0.039295962000000004 0.3205121
0.0056583413 0.039329053 0.32051111000000004
0.0057117244 0.039321695000000004 0.32059148
0.0059403486 0.039315785 0.32050932000000004
0.0057892763 0.039340022 0.32053279
0.0059297914 0.039329203 0.32050041
0.005673368 0.039347296999999996 0.32052525
0.005828969999999999 0.039347329 0.320562
0.0057160734000000005 0.039328925 0.32053943000000007
0.0059102913 0.03936747 0.32054677
0.005691454699999999 0.039303984 0.32055223999999993
0.005819888699999999 0.039305559000000004 0.32060096000000005
0.005813918499999999 0.039286519000000006 0.32054137
0.005624789900000001 0.039344525 0.32059331
0.0059101508 0.039337396000000004 0.32052252999999997
0.0057186333 0.039320812 0.32051137
0.0059660414 0.039347199000000006 0.32056757
0.005784599 0.039340138000000004 0.32056519
0.0058418963 0.039332074 0.32055203
0.005744082100000001 0.039332884 0.32055026
0.0057827328 0.039359628 0.32055494999999995
0.0056378926 0.03937538 0.32051301
0.0056515320999999995 0.039325137 0.32054314
0.0057580707 0.039353512 0.32053001000000003
0.0057810718 0.039337191 0.32054058
0.0057818379000000005 0.039360138999999995 0.32058729999999996
0.0058218799 0.039379266 0.32051319000000006
0.0057324657 0.03939908599999999 0.32053347000000004
0.0057549805 0.039361727 0.32054122000000007
0.0058636017 0.03936266100000001 0.32051393
0.0057418365999999995 0.039367572 0.32051069
0.0057060120999999995 0.039355344 0.32052925000000004
0.005608913599999999 0.039370167 0.32055292
0.005727175 0.039344959 0.32054392000000004
0.0057562769 0.03935506800000001 0.32053456
0.0057493842 0.039379487000000005 0.32050773
0.0056752776000000005 0.03938712900000001 0.32051678
0.0056486043 0.03936316300000001 0.3205508899999999
0.0058537284 0.039376438 0.32056691
0.0056929107 0.039350466 0.32057304
0.0057511707 0.03937164 0.32054425000000003
0.0057300096000000005 0.039354197 0.32053480999999995
0.0057475261 0.039367432 0.320509
0.0057180035999999995 0.039356296000000006 0.32051806000000005
0.0058033649999999996 0.039394065 0.32050972
0.0058362912000000005 0.03936450500000001 0.32054639
0.0057388911 0.039389958999999995 0.32054675
0.0058394905 0.039375408 0.32055647
0.0057801891 0.039387119 0.32052673
0.005603502000000001 0.03937392299999999 0.32054993
0.005839751 0.039372886 0.32053462
0.005735771999999999 0.039387203999999995 0.32054075000000004
0.005775363900000001 0.03936045 0.32056717
0.0058036434999999996 0.039349432000000004 0.32054715
0.0058399145 0.039350856 0.32049814000000004
0.005747374 0.039358858000000004 0.32051805999999994
0.0057180888 0.039381559999999996 0.32050239
0.0059928728 0.039374661 0.3205421
0.0057873756 0.039408948000000006 0.32054578
0.0057878323 0.039388731999999996 0.32052607999999994
0.0057547954 0.039386314 0.32051578000000003
0.0057338097 0.03936387 0.32050975
0.0057380534 0.039383972999999996 0.32053618
0.0059659105 0.039379032999999994 0.32053708
0.0058672736 0.03936438500000001 0.32048874
0.0057713376999999995 0.039366844 0.32056598999999997
0.0058806321 0.039366057999999995 0.32051537999999996
0.005904084999999999 0.039341231000000004 0.32055005
0.006008518399999999 0.0393728 0.32051799999999997
0.0059947659999999995 0.039344094 0.32049826000000003
0.005826353 0.039403491 0.32055146
0.005927288499999999 0.039366914 0.32052084000000003
0.005946686600000001 0.039370217 0.32052209000000004
0.0057986164 0.039386108 0.32054936
0.005875708700000001 0.039398269 0.32050870000000004
0.0060108207999999995 0.039375492 0.32055371000000005
0.0058801335 0.039405225999999995 0.32050204000000004
0.0057474326 0.039374160000000005 0.32054427999999996
0.0058164909 0.039402122 0.32059863
0.005761304899999999 0.039400789000000006 0.32057580999999996
0.0058669568 0.039402181 0.32052536000000004
0.0059092128 0.039415476000000005 0.32056012999999994
0.0058582567 0.03936495400000001 0.32052542
0.0057809748 0.039430286 0.32051462000000003
0.0057907202 0.039395114999999994 0.32050988
0.006041596200000001 0.039397366 0.32050581000000006
0.0058571466 0.039383723999999995 0.32051666
0.0057346270999999996 0.03940853800000001 0.32051945000000004
0.0057433509 0.039400902 0.32054338000000004
0.0058480665000000005 0.039407659 0.32048564000000007
0.0058432185 0.039383162000000006 0.32051081
0.0057736855 0.039381855 0.32052347000000003
0.005786114199999999 0.03938680700000001 0.32055675
0.0057643658 0.03936654900000001 0.32056428000000003
0.005725052699999999 0.039365231 0.32054679999999997
0.0058370552999999995 0.039384945000000005 0.32055431999999995
0.0056821199 0.039393329000000005 0.32052358999999997
0.0059282914 0.039368256000000004 0.32057265999999995
0.0058087079 0.039400104 0.32050776999999997
0.0056757093 0.03936017900000001 0.32052498
0.005793464700000001 0.039369554 0.32057821999999997
0.0057481044000000005 0.039413362 0.32059216
0.005791731699999999 0.039384008 0.32054971
0.0058250252 0.039375962 0.32052216
0.0058582279000000004 0.039350173 0.32053195
0.0058072365 0.039355176000000006 0.32050919999999994
0.0058219702 0.039354365 0.32049323
0.0058309579 0.03932760799999999 0.32053439
0.0056631461000000004 0.039369281 0.32054745999999995
0.0057036715 0.039335919000000004 0.32054883
0.0057023617 0.039317658 0.32055773
0.0058239223 0.03935274700000001 0.32054104
0.005852262 0.039365910999999996 0.32053882
0.0058655766 0.039331761 0.32056014
0.0058415169000000005 0.039310122 0.32057476
0.0057480421000000005 0.039343887 0.3205447
0.005986159600000001 0.03929990300000001 0.32053212999999997
0.0058165769 0.039318074999999994 0.32051833999999996
0.0057568181999999996 0.03932127 0.32055827
0.005818792599999999 0.039304109999999996 0.32052878
0.0058573446 0.03934308599999999 0.32055675
0.005899207499999999 0.039343006 0.32053086
0.005697784799999999 0.039273221999999997 0.32055519
0.005594318300000001 0.039321913 0.320554
0.005894744800000001 0.039330431 0.32054209
0.0057467112 0.039358408 0.32054533
0.00564189 0.039327613000000004 0.32051056000000006
0.0057022012000000006 0.039354477 0.32053783
0.0056830501999999995 0.039358463999999996 0.320509
0.005633501799999999 0.039354546 0.32053629
0.0057166135 0.039365148 0.32053308999999996
0.0058015478 0.039321065999999995 0.32055835
0.0058948475 0.039349804 0.32056176
0.0056328843 0.039339832000000005 0.32059413000000003
0.0056092165 0.039361575999999995 0.32052952
0.0056193523 0.039329481 0.32048719999999997
0.0055823534 0.039312914 0.32051915000000003
0.005801652900000001 0.039321586 0.32052543
0.0057959623000000005 0.039359595 0.32054173999999996
0.005784462299999999 0.039334706 0.32055444000000005
0.0059122052 0.03931535900000001 0.32051634
0.005916427600000001 0.039304198 0.32054843
0.005866087000000001 0.039297499 0.32048277000000003
0.0057220442 0.039317779 0.32054247
0.0056496338000000005 0.03926302300000001 0.32048486
0.005569195899999999 0.039312876999999996 0.32053083000000004
0.0057677384 0.039311478 0.32057634999999995
0.0055928095 0.039351678 0.32054927
0.0057484818 0.039315258 0.32053769
0.005666729800000001 0.039330686000000004 0.32052636
0.005713838600000001 0.039326461 0.3205357300000001
0.0055877077 0.039308158999999995 0.32054414999999997
0.0055866747000000005 0.039326131 0.32055652
0.0055418293 0.039319361 0.32053938
0.0056630029 0.0393 0.32056060999999997
0.0056461302 0.039304056999999996 0.32054441
0.0055831498 0.039316833 0.32054135
0.0056333661 0.03932388 0.32049854
0.005756142 0.03934306 0.32048796
0.005594199900000001 0.039271722 0.32056283999999996
0.0057251077 0.039302975000000004 0.32050072
0.0056367571 0.03930211 0.32055096
0.005689620099999999 0.039308191000000006 0.32056893
0.0058670701999999995 0.03932996700000001 0.32055409
0.0058410163 0.03932492 0.32054704999999994
0.0057895566 0.039359520999999995 0.32055624
0.005746399399999999 0.039367901999999996 0.32053987
0.0058022107 0.039371837 0.32056505
0.005768371999999999 0.039349248999999996 0.3205339
0.0057798863 0.039337657 0.32053666000000003
0.0057101316 0.039334311999999996 0.32054161
0.0057280912 0.039327127 0.32049501
0.0057380611000000005 0.039325639 0.32047908999999997
0.005686438300000001 0.03933432 0.320556
0.0056744869 0.039343843999999996 0.32055707
0.005608655199999999 0.03932927800000001 0.32048729
0.0057397136 0.039341063 0.32051197000000003
0.005552849 0.039323152 0.32056743000000004
0.0056106565 0.039328591999999996 0.320548
0.0057259315 0.039342054 0.32053129
0.0056100864 0.039363211 0.32055406
0.005871957 0.039369733 0.32055133
0.005646275199999999 0.039383641000000004 0.32055695999999995
0.0057282068999999994 0.039358286 0.3205633
0.0054762947 0.039375443999999996 0.32059692999999995
0.0057074515 0.039369465 0.32058918000000003
0.0055543383 0.039336761 0.32055638000000003
0.005750956600000001 0.039344554999999996 0.32054185
0.005803429099999999 0.039355073 0.32057545000000004
0.0058843964 0.039343331 0.32056710999999993
0.0057651792 0.039364856 0.32055749
0.0058136622999999995 0.039381204 0.32058398999999993
0.0057869567 0.039314496 0.32052848
0.0059105416 0.039345312 0.32057784
0.0058689017999999996 0.039376709999999995 0.32052777
0.0057477071999999995 0.039351302 0.32056582
0.0058907982 0.039372931 0.32052411
0.005793319999999999 0.039328838 0.3204975
0.005828327 0.039377754 0.32054784999999997
0.005860734000000001 0.039380158 0.32056542
0.0059258657000000005 0.039379218 0.3204881
0.005834636 0.039372197000000005 0.32055150000000004
0.0059703294 0.039370263 0.32054143
0.005981546799999999 0.039387425999999996 0.32057266
0.0059343495999999996 0.039358925 0.32054882
0.005681355700000001 0.039364959000000005 0.32055384
0.0058526524 0.039319387000000004 0.32056826
0.005877120500000001 0.039334501 0.32053143
0.0058211645999999995 0.039352645 0.32055237000000003
0.005942900400000001 0.03930465700000001 0.32057827
0.0057074317000000005 0.039359877 0.32053101
0.005808649999999999 0.039364168000000005 0.32055359
0.0058543167 0.039348057 0.32050976000000003
0.0058574784 0.039328798 0.32053475
0.00582886 0.03932890099999999 0.32055389
0.0059194051 0.039381085999999996 0.32054463999999994
0.005892232 0.039381884000000006 0.32053048000000006
0.0059441913 0.039387368 0.32050527
0.0056719813 0.039381189 0.32054024999999997
0.0057754359000000005 0.03938789 0.32054556
0.0056657705 0.039340475 0.32052043999999996
0.0058276878 0.03936722399999999 0.32052899999999995
0.0058179181 0.039367165999999995 0.32051816
0.0057633626 0.03934016 0.32048695
0.005817294299999999 0.039341324999999996 0.32054524
0.005707406399999999 0.039306451 0.32054066
0.0056640731 0.03932354699999999 0.32051564000000005
0.005903852900000001 0.039348777 0.32054236999999997
0.0056210125 0.039309021 0.32055118
0.0057176152 0.039341452 0.32054635000000004
0.0055364414 0.039318795000000004 0.32055251999999995
0.005722334199999999 0.039334934 0.32055693
0.0058191818 0.039329866 0.32051429
0.0057234239999999995 0.039378868 0.32053734
0.0058170345 0.03931240700000001 0.32057536
0.0058160236 0.039301877 0.32053063000000004
0.005812487999999999 0.0393204 0.32053294000000004
0.0059303345 0.039338572 0.32058525
0.0058161753 0.039328339000000004 0.32048423000000004
0.0056774811 0.039313273999999995 0.32056709
0.0058448742 0.039318884 0.32050843
0.0057267419 0.039322571 0.32053527
0.0058144755 0.039344299 0.3205137400000001
0.0057652116 0.039295425 0.32056165999999997
0.0058120650999999995 0.039352441 0.320507
0.005847402099999999 0.03934841 0.32051127
0.0056286467 0.039335233 0.32054133
0.005653291099999999 0.039323497 0.32052801000000003
0.0058874923 0.039306679 0.32052126000000003
0.0059070830000000005 0.039334615 0.32052578
0.005743218700000001 0.039308592999999996 0.32055843
0.0056027423000000005 0.03932332100000001 0.32051962
0.005700581099999999 0.039318869 0.32055705
0.0058680417 0.039348675 0.32051233999999995
0.005598466400000001 0.039351947 0.32049005
0.0058100571 0.03932035000000001 0.32053075999999997
0.0058105054 0.039337753 0.32053449
0.0055703677 0.039332030000000004 0.32054192
0.0056741869 0.039331679999999994 0.32055311
0.0057571902 0.039305655 0.32051435
0.005667169 0.039302576 0.3205097
0.0057961389 0.039368955 0.32051802
0.0057754653 0.039324928999999995 0.32051620999999997
0.005793166099999999 0.039362003 0.32052827
0.0057991521 0.039342028 0.32049981
0.006021345 0.039349576 0.32048330999999997
0.0058230372 0.039341519 0.32052441
0.005998525700000001 0.039334786 0.3205219
0.005915688200000001 0.039340416999999996 0.32054051
0.0057650342 0.039357046 0.32051677
0.0057317212 0.03929959 0.32055449999999996
0.0058695026 0.039328535000000005 0.32056907
0.005820271 0.039359907000000006 0.32053403999999996
0.0058083067 0.03933827299999999 0.32052637
0.005818723400000001 0.039365421 0.32056508
0.005692889100000001 0.039331258 0.32049190000000005
0.0056942142 0.03933348 0.32054541
0.0057264477 0.039351057 0.32058463000000004
0.005622159199999999 0.039327612 0.32050987000000003
0.005618876 0.039326655999999995 0.32048834
0.0057598496 0.039326082 0.32054097
0.0057033759 0.039319586000000004 0.32055765
0.0060434257 0.039359084 0.32052794
0.0059393501 0.039341835000000006 0.32054293
0.005816819700000001 0.03930402000000001 0.32052839000000005
0.005791966700000001 0.03934224000000001 0.32059508
0.0059022865 0.039333663000000005 0.32052496999999996
0.005625360899999999 0.039315784 0.32052804
0.0058258184 0.039338755 0.32055190999999994
0.005749529600000001 0.039345905 0.32055784000000004
0.0060110204 0.039371742 0.32050637
0.0059630354 0.03936577300000001 0.32054609999999994
0.0057224815 0.039363106999999994 0.32050456000000005
0.0057968258000000005 0.039362459999999995 0.32052106
0.0058609094 0.03935774399999999 0.32051869
0.0058980241000000004 0.039393942 0.32055649
0.005800844000000001 0.039358045 0.32054526
0.0057417122000000004 0.039357744000000014 0.32055079000000003
0.0057390114 0.039336521 0.32055964
0.005802428 0.039359398 0.32055186999999996
0.005773173500000001 0.039358777 0.32059209
0.005852896400000001 0.03936781600000001 0.32048720999999997
0.0057920943 0.03939203300000001 0.32052885
0.005924029 0.039409546 0.32054208
0.0058503387 0.03935167 0.32056517
0.0057863772 0.039353127999999994 0.32055354999999996
0.005996024599999999 0.039337368 0.32050098
0.005794365299999999 0.039374405 0.32048972
0.0059046555 0.039312019999999996 0.32052913
0.0058535654999999995 0.039336130999999996 0.32058098
0.0058202658 0.039329881 0.32052513
0.0057071043 0.039345206 0.32056007000000003
0.0057293707 0.03931561 0.32051541999999994
0.0055961259 0.039283519 0.32054277999999997
0.0055622200000000005 0.039344014 0.32054017
0.005873661 0.039363814 0.32054734
0.0055585871999999995 0.03936679 0.32055016999999997
0.0057564173 0.039339115 0.32053344
0.0058096732000000005 0.039332834 0.3205455300000001
0.0058302482 0.039338246 0.32050910000000005
0.0057133304 0.03931699 0.32052168000000003
0.005740065899999999 0.039337808 0.32050039999999996
0.0058528846 0.039333761999999994 0.32055426000000004
0.005822525 0.03934188 0.32052153
0.0057841598999999995 0.039340324999999995 0.32055682
0.0058480117 0.039345993 0.32055037999999997
0.0057726623 0.039319086999999996 0.32052664000000003
0.005670310099999999 0.039323758 0.32054673999999994
0.0057522171 0.039318627999999994 0.32047612000000003
0.005831362200000001 0.039329776 0.32051356999999997
0.005734810599999999 0.039316476 0.32049955
0.0056543033 0.039286062 0.32055284000000006
0.005704785699999999 0.039306078 0.32049107999999993
0.0056772423 0.039307043 0.32051743000000005
0.005868184399999999 0.039338356 0.32052453
0.0058684967 0.03929677299999999 0.32054004
0.005646910599999999 0.039300497000000004 0.32052369
0.0057752537999999996 0.039296954999999995 0.32053560999999997
0.0057601908 0.039303478999999995 0.32054753999999996
0.005609253600000001 0.039259076 0.32054714000000006
0.0059025799000000006 0.039315635 0.32053319
0.0056671397000000005 0.039315784000000006 0.32054135999999994
0.0057020638 0.039315531 0.3205482
0.0056487758 0.039276186000000005 0.32053155
0.0056753094 0.039274804 0.32054304
0.0055623744 0.03928632 0.32055671
0.0057332468 0.03927635 0.32052765
0.005899444000000001 0.039244148 0.32053822000000004
0.0056289800000000004 0.039286803999999995 0.32052599000000004
0.0059597115 0.039238655 0.32054932
0.0055976674 0.03925675399999999 0.32047524000000005
0.0058914391 0.039309674 0.3205011400000001
0.0057499949 0.039289557999999995 0.32051848
0.0056629134 0.039289636 0.32050601999999995
0.005598580000000001 0.039280102 0.32053472000000005
0.0056786193999999995 0.03931317200000001 0.32052026
0.0056742728 0.03929714499999999 0.32049787
0.005675775500000001 0.039255889 0.32052149
0.0059094752 0.039264801 0.32050764
0.0057565937 0.039288848 0.32052748999999997
0.0057631563 0.039326951 0.32052017000000005
0.006030232700000001 0.039305452000000005 0.32051492
0.0058788497 0.039286699 0.32056021
0.0057090366 0.039299026 0.32055455
0.005608430900000001 0.039285007000000004 0.32057187
0.0056780328 0.039278113999999996 0.32055697
0.0056898917 0.039282799 0.32055083
0.0057894091 0.039287041 0.32050957999999996
0.0059005229999999995 0.039312528 0.32055302999999996
0.005798085400000001 0.03931124500000001 0.32055183
0.0058164208 0.039294796 0.32054649
0.0057709601 0.039306733999999996 0.32056139000000006
0.0057753952 0.039272973 0.32054132
0.005735463 0.039291853 0.32051584999999994
0.005699115 0.039285165999999996 0.32055397
0.0057412468 0.039292622 0.3205032200000001
0.0058349068 0.039323668 0.32054003
0.0058251022 0.03931123899999999 0.32051893
0.0059188178 0.039303458 0.32051072
0.005732416299999999 0.039284719 0.32053683000000005
0.005776585 0.039303069999999996 0.32056554000000004
0.0054937154 0.039286111000000005 0.32050755
0.0057593233999999995 0.039302144000000004 0.32050091
0.0057476703 0.039310252 0.32051186
0.0056358434999999995 0.039299474 0.32053753
0.0057627707 0.03930971800000001 0.32052682000000005
0.0056671916000000004 0.039319829 0.32058107
0.0056554204 0.039334047999999996 0.32057062
0.0054766134 0.039308363 0.32049582
0.0055888911999999995 0.039311363 0.32056354000000004
0.0056792457 0.039321692000000005 0.32052307
0.0055425419000000005 0.039339596 0.32054925000000006
0.0055372803 0.039329738999999996 0.32056318
0.005778503 0.039302413999999994 0.32052369999999997
0.005524077099999999 0.039300034 0.32053075999999997
0.005652885200000001 0.039303951999999996 0.32052341
0.005703183400000001 0.039291333 0.32058320000000007
0.005654228900000001 0.039268644 0.32056681000000004
0.0057287585 0.039328092 0.32052558
0.0057285891 0.039320743000000005 0.32051930000000006
0.005743306699999999 0.039311783 0.32054251
0.005775456199999999 0.039312608000000006 0.32050339
0.0058075586 0.039368766000000006 0.32050857
0.005547872000000001 0.039350794 0.32051661
0.0057147631999999995 0.039319976 0.32051247000000005
0.0056985691 0.039337291 0.32050686
0.0057838418 0.039347320000000005 0.32055584000000004
0.0056540594 0.039315713 0.32051628
0.0056063031 0.039347795 0.32051302000000004
0.00583061 0.039362645 0.32051302000000004
0.0059691637 0.039403229 0.32049557
0.0059328894 0.039347218 0.32053776
0.0057627854000000004 0.039359268999999995 0.32053130999999996
0.0059336311000000004 0.039369103 0.32055797999999996
0.0057596638 0.039330286000000006 0.32051264999999995
0.0057682457 0.039342896 0.32051449
0.0058872792000000005 0.039310606000000005 0.3205553
0.005782869 0.039333894 0.3204919
0.005765359099999999 0.039335735999999996 0.32050989
0.0057998713 0.03936754299999999 0.32051688
0.0057197807 0.039357134 0.32054004
0.0058064424 0.039346375 0.32055022
0.0058172833 0.039341386 0.32053663
0.0056949071 0.03930616 0.32055915
0.0057124853 0.039339067 0.32051634999999995
0.0057159271000000005 0.039323800000000006 0.32057620000000003
0.0057528577999999995 0.039343126 0.32053611000000004
0.005724804200000001 0.039350288000000004 0.32053632
0.0058198452 0.039384113 0.32054927
0.0057890562 0.039337332 0.32056487999999994
0.0058205312 0.039337553 0.32052743
0.0055703667 0.039358035 0.3205372
0.0057677658000000005 0.039339303 0.32049074
0.0058120216 0.039339212 0.32048522
0.005712349699999999 0.03933776 0.32048483000000005
0.005690086699999999 0.039345755999999996 0.32051412
0.005836309099999999 0.039333167 0.3205361
0.0057002145 0.03930924 0.32053418999999994
0.0057657243 0.039328904000000005 0.32055303
0.005639172400000001 0.039329013 0.32052455
0.005702880999999999 0.039301116 0.32059250000000006
0.005693403600000001 0.039361979 0.32054280999999996
0.005692222500000001 0.03935324 0.32052917
0.0057065608000000006 0.03934423499999999 0.32052346000000004
0.0057661755 0.039308773 0.32054134
0.005776315 0.039344005 0.32049820999999995
0.0057783354 0.03933771700000001 0.32051555
0.005655186299999999 0.039353464000000005 0.32057813
0.0055880897 0.039351822 0.32051293000000003
0.0056154379 0.039368453 0.32055025
0.0057325148 0.03938169500000001 0.32054658
0.005789405 0.03935735 0.32054441999999994
0.0056635162 0.039365708 0.32052161
0.0056476931 0.039374478000000004 0.32055197999999996
0.0057368309 0.039341889 0.32055533
0.0057490124 0.039354316 0.32052912000000006
0.0056326446 0.039356641 0.32055135999999995
0.005635609999999999 0.039347891 0.3205131
0.005732732900000001 0.039325601 0.32058015999999995
0.005715219299999999 0.039363195000000004 0.32059846
0.0056807668 0.039356590000000004 0.32050066000000005
0.0057174025000000005 0.039342932000000004 0.32054280999999996
0.0057541102999999994 0.039347084 0.32053755
0.0056221068 0.039340884 0.32055659999999997
0.005731844999999999 0.039375323 0.32051434
0.0059053793 0.039340838 0.32054294
0.005684875599999999 0.039349950999999994 0.32054605
0.0057966351 0.039349245 0.3205713
0.0058066801 0.03937293 0.32053877000000003
0.0056652566 0.039383864000000005 0.32056695999999996
0.0056655824 0.03938406600000001 0.32055367999999995
0.005659245800000001 0.039354309 0.32059807999999995
0.0056640966 0.039339831 0.32054112999999995
0.0057337661 0.039383690000000006 0.32054726
0.0056865581 0.039340324 0.32051083
0.0057444720000000005 0.039365378 0.32055113
0.0056867208 0.039369987999999995 0.32056059000000003
0.0057873605 0.039380989 0.3205784
0.0058427164 0.039370828999999996 0.32053792999999997
0.006031781799999999 0.039385126 0.32054759000000005
0.005868255899999999 0.039364239 0.32054978999999995
0.0057213423 0.039372709 0.3205408
0.005840020099999999 0.039383395999999994 0.32052587
0.0059469633 0.039381769999999997 0.32048556
0.0056536193 0.039322881999999997 0.3205273
0.0056394204 0.039378048 0.32053222
0.005795777199999999 0.039380919 0.32057121
0.0056668992000000005 0.039338103 0.32054813000000004
0.005719203799999999 0.039327794 0.32056809999999997
0.0057581991999999995 0.03934660300000001 0.32056498
0.0055759544 0.039320909 0.32054938999999993
0.0057540497000000005 0.039351043999999995 0.32050597999999997
0.0058271815 0.03932429899999999 0.32056768999999996
0.0057644801 0.039334407 0.32054598999999995
0.005805817999999999 0.03931301300000001 0.32050607
0.0057577531000000005 0.039311369 0.32048716999999993
0.0057189621 0.039354270999999996 0.32053405
0.0057237291999999995 0.039321335 0.32055089999999997
0.0057460837 0.039368642999999995 0.32055763
0.0056955737 0.03938487 0.32051424
0.0057319217999999995 0.039326665999999996 0.32055160000000005
0.0059617008 0.039323552 0.32051873000000003
0.0058551839 0.039361392 0.32053537000000004
0.0058441099 0.039343534 0.32058597
0.0057969954 0.039344753999999996 0.32056235999999994
0.005899811 0.039330781 0.32055819
0.005828965199999999 0.039316974 0.32053683
0.005641442399999999 0.039330458 0.32055395
0.0059680955 0.039385552000000004 0.32053922999999995
0.005784188500000001 0.039347734999999995 0.32054851999999995
0.0057215472 0.039333875000000004 0.32056441999999996
0.0057102029 0.03933028 0.32055018
0.0057338442 0.039335322000000006 0.32056383
0.005797678799999999 0.039367924 0.32058092
0.0058466532 0.03934436100000001 0.32057512000000005
0.0056861976 0.039353171000000006 0.32056179
0.0056696905 0.039353543 0.32052505
0.0055866014 0.03936241199999999 0.32054856000000004
0.0057270985000000005 0.039343991 0.32053707000000004
0.005688967 0.039337346 0.32053535999999994
0.005628224 0.039320104999999994 0.32054924
0.0057588911 0.039322171 0.32052177000000004
0.005802273 0.039372489999999996 0.32055839
0.005748702499999999 0.039330697 0.32056192
0.0057507845 0.03933958 0.32055652
0.005826611400000001 0.039307351000000004 0.32059044000000003
0.0058043835 0.039342090999999996 0.32059253
0.0057506751 0.039343768 0.32051623999999995
0.0057572457 0.039322301000000004 0.32054222
0.0058199949 0.03935274799999999 0.32056594
0.0057758144999999995 0.039312230000000004 0.3204442
0.0059188331000000005 0.039308552 0.32052742
0.0057284567000000005 0.039339743 0.32053633000000004
0.005750778 0.039314557 0.32052674
0.0057016385 0.039313015 0.32055194
0.005503964 0.03932003800000001 0.32053147
0.0056990378 0.039315866 0.32056671000000003
0.0056926892 0.039297761 0.32057692000000004
0.0056558973 0.039306215 0.32053021
0.0057459621 0.039306669 0.32053341999999996
0.0055826247 0.03930496 0.32054322
0.005942147300000001 0.039271517 0.32052918999999996
0.005642289599999999 0.039274348 0.32053774
0.005668945 0.039295488999999996 0.32053237
0.005667852100000001 0.039276949 0.32056241999999996
0.005632297499999999 0.039275948 0.32059334999999994
0.0057105437 0.039293921 0.32050929
0.005606004600000001 0.039323383 0.32053636
0.0055569124 0.039301924 0.32056121
0.005595310000000001 0.039300157999999995 0.32057865999999996
0.005575708 0.039300128 0.32052787
0.0056222006 0.039324245 0.32052037
0.005620304800000001 0.039305277 0.32052813
0.005675969899999999 0.03929281899999999 0.32052749
0.0056130231 0.039295311 0.32052735
0.005561623 0.039281478999999994 0.32046907
0.0056702298 0.039308378 0.32054050999999995
0.0055634665 0.039357611 0.32053208
0.0056595258 0.039342834 0.32056614000000005
0.0057206231 0.039345487 0.32052676
0.005722940300000001 0.0393317 0.32055854000000006
0.0057038742 0.039306363000000004 0.32057826
0.0057407861 0.039385352 0.32056296
0.0055229719 0.039345188 0.32057239000000004
0.005720932099999999 0.039311646 0.32057152999999994
0.0056955595999999995 0.039328491 0.32052503
0.0058661992 0.039303281 0.32054454
0.005655577300000001 0.039350327 0.3205307700000001
0.005559384400000001 0.039332137 0.32058516
0.0056836976 0.039335065 0.32053776
0.005729059199999999 0.039307519 0.32052447
0.0057060306 0.039340041 0.32053047
0.005623535 0.039294014 0.32052956
0.005585824 0.039307139000000005 0.32053894
0.0055646758 0.039276459 0.32056416
0.0056558552000000005 0.039321559 0.32053634999999997
0.0056413216000000006 0.039344469 0.32055205
0.0058838512 0.039300581 0.32053485000000004
0.005638475700000001 0.039281785 0.32055335000000007
0.0055948546 0.03929145999999999 0.32056126
0.0057224784 0.039316552 0.32057217
0.0055104852 0.039369698 0.32059916
0.005482181000000001 0.03933738 0.32051788999999997
0.0056052799 0.039289135 0.3205228
0.0055992127999999995 0.039276964000000004 0.32052358999999997
0.0057549136 0.039289137 0.32050251
0.0056640585 0.039295533 0.32055029
0.0056038817000000005 0.039321356 0.32057580999999996
0.005673734400000001 0.03930791199999999 0.32051076
0.0057951026 0.039324138999999994 0.32048989
0.0057552343 0.039346893 0.32054256999999997
0.0059548563 0.03930538399999999 0.32055692
0.0058364279 0.039356601 0.32055642
0.0056037506 0.03935753300000001 0.32054764999999996
0.0058632042 0.039331124 0.32054451
0.0057438021 0.039325219 0.32054393
0.0056799999000000006 0.039321560000000005 0.32052271
0.005669104400000001 0.039352084 0.32051834
0.0057282433 0.039330716 0.32054351
0.0055942943 0.03931367300000001 0.32054574
0.0057667689 0.039324081999999996 0.32054265
0.005737053099999999 0.039319853 0.32058045999999996
0.005760482700000001 0.039300616999999996 0.32054049
0.0055559209 0.039337024000000005 0.32050859
0.0058525799 0.039364738 0.32051871000000004
0.0057509319 0.039315656 0.32053304000000005
0.0057744847000000005 0.039377345 0.32050978
0.0060078276 0.039379197 0.32051915000000003
0.0056839556 0.03936058 0.3205395999999999
0.0058080413 0.039293429000000005 0.32055533999999997
0.005876283899999999 0.03934715 0.32053674
0.005547099800000001 0.039338577 0.32050809
0.0056657559 0.039367025 0.32050128
0.0057853379 0.039332805 0.32052288000000007
0.0058651313000000005 0.039348469999999997 0.32053432000000004
0.0058619412999999995 0.039349926 0.32055499000000004
0.0058910234 0.03936460299999999 0.32056348
0.0057681057 0.039351874999999994 0.32057203
0.0056771566 0.039351996 0.32054299
0.0058261705 0.039395796999999996 0.32052276
0.0057246054999999995 0.039338091000000006 0.32053756000000005
0.005861101499999999 0.039371934000000004 0.32050829999999997
0.0059267983 0.03936565400000001 0.32052985
0.0057209993 0.03933101 0.32059259
0.0058058221 0.039347684 0.32053222
0.0057436448 0.039348991 0.32057826
0.0059284543 0.039362407 0.32058875000000003
0.005803933799999999 0.039310008 0.3205127400000001
0.0057072872 0.03931986 0.32050002
0.0057964625 0.039324875999999995 0.32051148
0.0058887335 0.039334818 0.32054927
0.005746246799999999 0.039338334999999995 0.32053476
0.0058793492 0.039338587 0.32050228999999997
0.0058892597 0.039296688 0.32053426
0.0058964983000000006 0.03936442 0.32048642
0.0059061923 0.03932266 0.3205104
0.0057458501 0.03938264599999999 0.32053359000000003
0.005805754099999999 0.039369373 0.32054613
0.005758448899999999 0.039343296 0.32052166
0.005881703899999999 0.039327402 0.32049589999999994
0.0057129881 0.03939924599999999 0.32051751
0.005759716600000001 0.039367293000000005 0.32054726
0.0057485075000000005 0.039373874999999996 0.32055810000000007
0.0058621809 0.039367985 0.32052489000000006
0.0058016487 0.039394044 0.3205406
0.0058470525 0.039386199 0.32052059
0.0058271325 0.03938467799999999 0.32052773
0.0058315274 0.03936035 0.32056961
0.0056873025 0.039376442 0.32053897
0.0056916842 0.039352763 0.32054185
0.006033922400000001 0.039386749 0.32052048
0.0055653058 0.039375778 0.3205514
0.005784885199999999 0.039363215 0.32054568
0.005561649 0.039328864000000005 0.3205271499999999
0.005823232 0.03934851 0.32055351000000004
0.0056244815 0.039314141 0.32056249
0.005861739899999999 0.039368236 0.32052877999999996
0.0058638873000000005 0.03934539199999999 0.32054122
0.0057438538 0.039325098 0.32051882000000004
0.005727569900000001 0.039298009999999994 0.32049466
0.0057978389 0.039308725 0.3205447
0.0057885688 0.039325604 0.32058163
0.0059819099 0.039314807 0.32056042999999995
0.0056303378 0.039310002999999996 0.32053753999999995
0.006050134899999999 0.039273543 0.32052793
0.0058538998 0.039315209000000004 0.32052994
0.0058399717 0.039325191 0.32053289000000007
0.0058307880999999995 0.039343432 0.32047600000000004
0.005754487500000001 0.039325729000000004 0.32053067999999996
0.005815227599999999 0.039339782000000004 0.32053975
0.0057728755 0.039353439000000004 0.32052611000000003
0.0057341606000000005 0.039377276 0.320552
0.005708710600000001 0.039361893 0.32051031
0.0057371247 0.039370209 0.32054025999999997
0.005752996799999999 0.03933874 0.32051288
0.0058163859 0.039362272999999996 0.32052909
0.0058438412 0.039321875 0.32053938
0.0058422018 0.039356666 0.32054935999999995
0.0059839927 0.03931446 0.32057823
0.005884937599999999 0.039324396 0.32053874
0.005780348499999999 0.039357504 0.32054731
0.0057526177 0.039381607 0.32053867999999996
0.0057729933 0.039398855999999996 0.32055119
0.0058677617 0.039354103 0.32055000999999994
0.0059846036 0.03934964 0.32053501
0.00577548 0.039322884999999995 0.32054736
0.0058790471000000006 0.039360479000000004 0.32054667000000003
0.0058181307 0.039342119999999994 0.32054232
0.0059194788 0.039384985 0.32054347
0.0060045841999999995 0.03934749 0.32051072
0.0059749697 0.039366438000000004 0.32055161
0.0057039536000000005 0.039330321 0.32057817
0.0057048239 0.039351069 0.32051166
0.005768404099999999 0.039312589 0.32052168999999997
0.0056324766 0.03928438399999999 0.32055266
0.0056966303 0.039308583 0.32048967
0.0057397893 0.03928074299999999 0.32053106
0.0056884121 0.039335027 0.32052503
0.0055671746 0.039302356000000004 0.32057389000000003
0.0056927745 0.039327874 0.32053116
0.0056708445 0.039316933000000005 0.32051272
0.0056469686 0.039257758000000004 0.32051916
0.0055573206 0.039297361 0.32056035999999993
0.0054818485 0.039315315 0.32054685000000005
0.005766464800000001 0.039310248 0.32057833
0.0057550386 0.039299482000000004 0.32054353
0.0056688767000000004 0.039298917 0.32051174000000004
0.00565079 0.039316554999999996 0.32055486999999994
0.0057991688 0.039336158 0.32052183999999995
0.0057856779 0.039323768 0.32056359999999995
0.005714104 0.039327762 0.32050914
0.0057577763 0.03930775400000001 0.32054089
0.005618845200000001 0.039313365 0.32051759
0.0056249142 0.039304676999999996 0.3204911
0.0057027702 0.039305714000000005 0.32052835999999996
0.0056328507 0.039322492 0.3205373100000001
0.0055980684000000005 0.039315542 0.32051741
0.005603035399999999 0.039324665 0.3205616
0.0057983676 0.039308525999999996 0.32052617000000005
0.0056071276 0.039310186000000004 0.32055656
0.005720627099999999 0.039272788 0.320546
0.0057336257 0.039293031 0.32056627000000004
0.0056293034 0.039307287 0.32052812999999997
0.0057097174 0.039310157 0.32052894
0.0055313355 0.039298685 0.32053802
0.005660610199999999 0.039301383 0.32050717
0.0056230372 0.039270613999999995 0.3205625
0.0057008824 0.039328485 0.3205293
0.0057984743 0.039280328999999996 0.32054929
0.005568860699999999 0.039320265 0.32054209
0.0059094112999999995 0.039350391 0.32056004000000005
0.0058594582000000015 0.039337533 0.32055737
0.0057549566 0.039325871 0.32052143
0.0056504443 0.039346432 0.32052863
0.0058229353 0.03934108 0.32052748
0.0056790853 0.039344193 0.32052888
0.0058223065999999995 0.039332226000000005 0.32050185999999997
0.0058340593 0.039330652 0.32052518999999996
0.005750983399999999 0.039352368000000006 0.32050667
0.005902354899999999 0.03937189 0.32052139999999996
0.0057142062 0.039360841 0.32052628
0.0058182432 0.039355088999999996 0.32050775000000004
0.005755390800000001 0.039363168999999996 0.32054708
0.0059232041 0.039391823 0.32051051
0.0057818172 0.039382495 0.32050944000000003
0.005919266 0.039358017 0.32053809
0.005544884700000001 0.039377798000000006 0.32053213999999997
0.005913676099999999 0.039381872 0.32054437999999996
0.0057589858 0.03938249 0.32056586
0.0058047914 0.039365317999999996 0.32056264
0.005949597599999999 0.039362175 0.32053134
0.0058599486000000004 0.039388483 0.32055287000000005
0.0057536819 0.039409217 0.32052757
0.005822339100000001 0.039399601 0.32054647
0.0059919129 0.039384377 0.32051620000000003
0.005882055000000001 0.039409916 0.32050873999999996
0.005916055 0.039361151 0.32050873999999996
0.0058932302 0.039356092 0.32048315
0.0057704796 0.039368163 0.32051489999999994
0.0059669678 0.039347964 0.32049865
0.0059274245 0.039328865000000005 0.32052073999999997
0.005957950200000001 0.03938383599999999 0.32058363
0.0058615852999999996 0.039359542 0.32050897
0.0058154205 0.03935999799999999 0.32055434
0.0057408793 0.03936013 0.32054811
0.005745634899999999 0.039374914 0.32053911999999996
0.0057824185999999994 0.03935912899999999 0.32050606
0.0057882462 0.039370615 0.32058637
0.0057680158 0.039350175 0.32056428000000003
0.0056612824 0.039364818 0.32053885
0.005598293000000001 0.039301561 0.32056077
0.005755491999999999 0.039341949 0.32053332
0.005796813 0.039352313 0.32054722
0.0057801021 0.039340298 0.32056239000000003
0.005507228500000001 0.039342845 0.3205072
0.005656606100000001 0.039365233 0.32056591
0.0055195474 0.039329909 0.32055541
0.0056661838 0.039306299999999995 0.32057664
0.0056766231 0.03932948000000001 0.32052623
0.0056379488 0.039324455999999994 0.32047232999999997
0.0057827295 0.03931933900000001 0.3204855299999999
0.0057337001 0.039308950999999995 0.32056661000000003
0.0056670266 0.039302048 0.32051231
0.0056250821000000005 0.039343873 0.32053597
0.0057542575 0.039331869000000005 0.32057632999999996
0.0057525421 0.039362479000000006 0.32054896
0.0057258311 0.039394843 0.32056120000000005
0.0058539991999999996 0.039326178999999996 0.32050616
0.0057761858 0.039391928 0.32053718999999997
0.00574497 0.039341398 0.32053655000000003
0.0059067149 0.039323137 0.32053507000000003
0.0057935653 0.039377172 0.32054642
0.005784304999999999 0.039374985 0.32057631
0.005857955999999999 0.039296770999999994 0.32051916
0.0057599685000000005 0.039334771 0.32055128
0.005799661900000001 0.03941209999999999 0.32056427
0.0056587415999999995 0.039363707000000005 0.32053916
0.0056590830000000005 0.039376794 0.3205283
0.0059694032 0.039402916 0.32056837000000005
0.0057395264 0.039387162999999996 0.32054006999999995
0.0058212225 0.039381846 0.3205179
0.005873755200000001 0.039363667 0.32053318000000003
0.0059394344000000005 0.039373491999999996 0.32053161
0.0058309759 0.039418756 0.32059086
0.005913892299999999 0.039380989 0.32057276
0.0058170997999999995 0.039395254000000005 0.32054273
0.0057342745 0.039344262 0.32053592999999997
0.0057958288000000005 0.039401650999999996 0.32053311000000007
0.005738926399999999 0.039356137 0.3205633
0.0055670483 0.03933302400000001 0.32052782999999996
0.005642187700000001 0.039345005999999995 0.32054954
0.005757512899999999 0.03935327 0.32052027
0.0058388693 0.039356440000000006 0.32053929000000003
0.0058821963 0.039344886 0.32055405000000003
0.0058601669 0.039356898 0.3205101899999999
0.0056645196 0.039349783000000006 0.32050715999999996
0.0058404397 0.039375186 0.32052775
0.0057133672 0.039323462 0.32055775999999997
0.0057872026 0.039331388 0.32053131000000007
0.0057803868000000005 0.039349005 0.32056967
0.0058115719 0.039348643 0.32050685
0.0056685215999999995 0.039345697 0.32054382000000003
0.0058168319 0.039364937 0.32053427
0.005856659 0.039342269 0.32055551
0.005725764699999999 0.039329706 0.32056024
0.005749998399999999 0.039367155 0.32052800000000004
0.0057070027 0.039397165 0.32054151
0.0058800624 0.039363528999999994 0.3205583099999999
0.0058073105 0.039389514 0.32057860000000005
0.0059586706 0.039410888000000005 0.32051724000000004
0.0058838333 0.039379233 0.3205223
0.0058123333 0.039366556000000004 0.32048667000000003
0.006055641500000001 0.039376004000000006 0.3205333
0.005814705 0.039378726999999995 0.32051698
0.0060117700000000005 0.039399444 0.32055656
0.005781871500000001 0.039379078 0.320534
0.005860309100000001 0.039382289 0.32055026
0.0058737515 0.039374156 0.32053593999999996
0.0057147315 0.039359217 0.32055991
0.0058652163 0.039347546 0.32052413
0.0058409401 0.039361602 0.32054134
0.005957172699999999 0.039345545999999995 0.32053171
0.0058567299 0.03936553 0.32050067
0.0058907277999999995 0.039376958999999996 0.32055653
0.0059362468 0.039399144000000004 0.32051105
0.0058342965 0.03935031500000001 0.32053254999999997
0.005905421 0.039378406000000005 0.32053009999999993
0.0059300138 0.039427443000000006 0.32056260999999997
0.005776941899999999 0.039390117 0.32053670999999995
0.005608944499999999 0.039387605 0.32054162
0.00567529 0.039388629 0.32053914
0.0058063502 0.039392178 0.32056208
0.0060174074 0.039369561000000004 0.32056870000000004
0.0058705499 0.039419930000000006 0.32050985
0.0058855261999999995 0.039359637 0.32056895
0.0058183893 0.039375788999999994 0.3205573199999999
0.005911569899999999 0.039407358 0.32055066
0.0058136059 0.039431243 0.32054780000000005
0.0058569684999999995 0.039426706 0.32056776
0.0058572691 0.03942682200000001 0.32055865
0.0060453665 0.039415311 0.3205774
0.005807903499999999 0.039422084999999996 0.32057181999999995
0.0059580412 0.03940678400000001 0.32056536
0.0060947757 0.039436473 0.32052160999999996
0.005821131299999999 0.039425403000000005 0.32059664000000004
0.0057884566 0.039430869 0.32055239
0.0059224681 0.039447504 0.3205503
0.0059453253 0.03939444599999999 0.32053258
0.0059882828 0.039378253999999994 0.32051741999999994
0.0060484547 0.03937726800000001 0.32051063
0.0059097308 0.03935578799999999 0.32052605
0.0058636331 0.039401226 0.32051594
0.0058604812999999995 0.039408073 0.3205381
0.0061075804 0.03941696299999999 0.32052739999999996
0.005880955800000001 0.039403385 0.32055438
0.0058590243 0.039426826 0.32052091
0.0059337005 0.039419410999999994 0.32059242
0.005929528199999999 0.039393872 0.32056675
0.0059041325 0.039392253 0.32055533
0.005845099100000001 0.03937769 0.32053528000000003
0.005850971600000001 0.039404724 0.3205703
0.005863263400000001 0.039394894 0.32059587000000006
0.0056765451 0.039361937 0.3205312
0.005660811599999999 0.039365888 0.32059943
0.005786992 0.039381507999999996 0.32056702000000004
0.005844824 0.03936561399999999 0.32051637
0.005875826400000001 0.039378859 0.32057959999999996
