0.0059961162 0.023579187999999997 0.22755354
0.0059751371 0.02356575 0.22757276999999995
0.0059788401 0.023568363 0.22756960000000004
0.0060111374 0.023551525 0.22756395000000001
0.0059454964 0.023551998 0.22757049000000001
0.0060128668 0.023576852000000002 0.22756817000000001
0.006034692400000001 0.023565725000000003 0.22754527999999996
0.0059576147 0.023563155 0.22757714
0.00603194 0.023567411 0.22759673
0.0060056659 0.023542215 0.22756934999999995
0.0059753582 0.023547111000000003 0.227578
0.0060135016 0.02357391 0.22757701
0.0059742339 0.023564594 0.22757839
0.0059331706 0.023559468 0.22759446
0.0060235945999999995 0.023576627999999995 0.22757866999999998
0.005976856899999999 0.023577823 0.22753872
0.0060596003 0.023568522 0.22754058000000002
0.0060294985 0.023582238 0.22758119
0.0059786729 0.023577199 0.22756845
0.0059709723 0.023559121 0.22757339999999998
0.0059853823 0.023540773 0.22756864999999998
0.006003512800000001 0.023547101 0.22755955
0.005959323000000001 0.023555595999999998 0.22754086999999998
0.005976439599999999 0.023548916 0.22754802999999998
0.0059638695999999995 0.023572586 0.22757507999999999
0.0059468049 0.023545034 0.22756944999999998
0.005999919 0.023542796 0.22759822999999998
0.0059676758 0.023573118 0.2275238
0.0059453781 0.023562188999999997 0.22753748
0.005972662700000001 0.023534236999999996 0.22756726
0.0059992203 0.023556586999999997 0.22757006999999999
0.0059709955 0.023549673 0.22759077
0.0059933682 0.023567386000000003 0.22757730999999998
0.0059929130999999995 0.023561700999999997 0.22760246
0.0059833614 0.023571671 0.22756833999999998
0.0059936699 0.023534806 0.22756934999999995
0.0060101141 0.023573621 0.22757962000000004
0.0060171176 0.023564185999999997 0.22755147999999997
0.0060201227 0.023561811 0.22757741
0.0060081344 0.023561072 0.22758620000000002
0.0060006967 0.023560016 0.22756156
0.0059734791999999995 0.023563858 0.22756103
0.0060161891 0.023557479 0.22756361999999997
0.0059942286 0.023541695999999997 0.22757467
0.0059983913 0.023568387 0.22756795
0.006001743800000001 0.023542930000000004 0.22757285000000005
0.0060043203 0.023549938 0.22758056000000004
0.006024702599999999 0.023571426 0.22755972
0.006024769199999999 0.023550167 0.22757206000000002
0.0059869953 0.023552744000000004 0.22756634
0.0060134296 0.023560138 0.22757915999999997
0.0060270141 0.02354918 0.22756816
0.0059976950999999995 0.02355683 0.22757749
0.005995415400000001 0.023552827000000002 0.22755805
0.0060288486 0.02356864 0.22752394999999997
0.006034497999999999 0.023555138 0.2275371
0.0060459117 0.023574482999999997 0.22757037000000002
0.006021722299999999 0.023578083000000003 0.22758004
0.0060188986 0.023575631 0.22757094000000003
0.0059980855 0.023568207 0.22755558000000004
0.0060230418 0.023571928 0.22757293
0.0060070153 0.023559748 0.22757579000000003
0.0059857569999999995 0.023558292999999998 0.22756344
0.0060401147 0.023570795000000002 0.22758194999999998
0.0060242658 0.023563739 0.22755595
0.0059474007 0.023556083000000002 0.2275689
0.006031574 0.023570524 0.22755665
0.0060014248 0.023545069 0.22755304999999998
0.006008919999999999 0.023558097 0.22758441000000001
0.006022998999999999 0.023563505000000002 0.22758429999999996
0.005950710200000001 0.023540326 0.22756209
0.0059870697 0.023558276 0.22757111000000002
0.005966715 0.023573785 0.22756317000000004
0.005940872099999999 0.023546205 0.2275617
0.0059673515 0.023538387 0.22755369
0.0059547433 0.023542800000000003 0.22757014
0.005979287 0.023534551 0.22756597999999997
0.005977508 0.023536861 0.22755640000000002
0.0059398121 0.02353078 0.22757283999999997
0.0059555649 0.023519783 0.22758289
0.0059311398 0.023531121999999998 0.22757066999999997
0.0059535337 0.023530449000000002 0.22756642
0.0059949705 0.023526893 0.22756502000000003
0.0059589862 0.023522773 0.22758679
0.005918761 0.023513112 0.22756661
0.0059839596 0.023549688 0.22756914999999997
0.005946917499999999 0.023523622 0.22757267000000003
0.0059501295 0.023525132 0.22755633999999997
0.005943478099999999 0.023526891 0.22755143000000003
0.0059432917000000005 0.023544002 0.22757095
0.0059112378 0.023535327 0.22756269999999995
0.005890014 0.023506645 0.22757968
0.005939757600000001 0.0235149 0.22757513999999998
0.0059050995 0.0235241 0.22755538999999994
0.0059180215 0.023523545 0.22756189999999998
0.0059251886 0.023519723 0.22756194999999999
0.005997326800000001 0.023520569999999998 0.22758555
0.0059561221 0.023534168 0.22758127
0.0059656561 0.023539644 0.22756885999999996
0.005976719 0.023524325000000002 0.22759781
0.006004519999999999 0.023556775 0.22756151
0.005982827599999999 0.023526719999999997 0.22755091999999996
0.0059562711 0.023528731 0.22753536
0.0059559546 0.023513836000000003 0.22756490000000001
0.0059990062 0.023533943999999994 0.22755775000000003
0.0060306473 0.023543038 0.22757091
0.0060047349 0.02355709 0.22758634
0.005996700800000001 0.023545908 0.22755889
0.0060135055 0.023547850000000002 0.22756504000000005
0.0060171768 0.023543704000000002 0.22759401
0.006017876399999999 0.023573834 0.22755761
0.006027152199999999 0.023566190000000004 0.22757072000000003
0.0060150371000000005 0.023545820000000002 0.22758941
0.006008642100000001 0.023551565000000003 0.22757178000000003
0.0059701937 0.02354402 0.22753652
0.0059856524 0.023535498000000002 0.22755166
0.0059943238000000005 0.02354648 0.22757127000000002
0.005984441 0.023525254000000002 0.22757863
0.0059906943 0.023523327999999996 0.22756155000000003
0.0060434819 0.023554385000000004 0.22756615
0.0059851756999999995 0.023560204999999997 0.22754656
0.0059911947999999994 0.023542236999999997 0.22757445999999998
0.0059932238 0.023531398 0.2275462
0.0059791604 0.023548314000000004 0.22755893
0.0059577191 0.023527849999999996 0.22751499000000003
0.0059759645 0.023545635 0.22756914999999997
0.0060114735 0.023538623999999998 0.22759232
0.0059798141 0.023555333 0.22754664
0.005993725399999999 0.023545192 0.22756917
0.0059948954 0.023501115 0.22755170999999996
0.005935804 0.023522691000000002 0.22753642999999996
0.0059710156999999995 0.023524175 0.22756107
0.0059443464 0.023524335 0.22754246
0.0059794966 0.02354866 0.22751684
0.006004474899999999 0.02354641 0.22756389000000002
0.0060099629000000005 0.023559278 0.2275747
0.0060070375 0.023561574000000002 0.22754267
0.006023633299999999 0.023569501 0.22754498
0.006024036700000001 0.023571108 0.22756387
0.005974207099999999 0.023556683000000002 0.22756563999999999
0.0059799978 0.023562813 0.22756062
0.0059892126 0.023578525 0.22759187
0.0060388774999999995 0.023563566 0.22758563
0.006004037899999999 0.023555101000000002 0.22760027000000002
0.0060010749 0.023572594000000002 0.22759318
0.005968660299999999 0.023559253 0.22757374000000002
0.0060266825 0.023572023 0.22755516
0.006013377700000001 0.023571427 0.22757852
0.0059796972 0.023566891 0.22756221999999998
0.0060343210000000005 0.023574287 0.22756416000000002
0.0060185352 0.02359713 0.22757341000000003
0.006013397899999999 0.02355295 0.22757505
0.0060250592 0.023561558 0.22756587
0.005982751600000001 0.023562467 0.22757577
0.005997082899999999 0.023571534999999998 0.22759052000000005
0.0059969121 0.023552939 0.22754187999999997
0.0060361906 0.023549403 0.22755761
0.0059761884000000005 0.023564341000000003 0.22754444999999998
0.006014633400000001 0.023559645999999997 0.22755969
0.0060150699 0.023563061000000003 0.22755392999999996
0.006007956 0.023560642 0.22757445
0.0060117822 0.023561147 0.22756623999999998
0.0060466545 0.023531855 0.22755115999999997
0.005985231800000001 0.023548966 0.22756604
0.0060401763 0.023548807999999997 0.22750998
0.006042538199999999 0.023554862000000003 0.22756759
0.0060294621 0.023569823 0.22758383
0.0059758826 0.023546275999999998 0.22757364000000005
0.0060153676 0.023578723 0.22756787999999997
0.0059948705 0.023551337 0.22753793
0.005982823399999999 0.023573411 0.22754847000000003
0.0059734474 0.023553341 0.22756865999999998
0.006032774699999999 0.023556693999999996 0.22754507999999998
0.00600088 0.023562085 0.22756727
0.006027814 0.023547327 0.22753861999999997
0.0060400122 0.0235555 0.22758444
0.0060548239 0.023566244000000004 0.2275562
0.0060260215 0.023560537000000003 0.22757783999999998
0.0060418209 0.023565668000000005 0.22756004999999999
0.0060221209000000005 0.023539459999999998 0.22755440999999998
0.0060433329 0.023553113 0.22756286
0.006035592 0.023574785 0.22755679999999998
0.0060156495 0.023589174 0.22756824
0.0060301385 0.023571295 0.22757143000000002
0.0060332439000000005 0.023561864000000002 0.22756154
0.0060624826 0.023568763 0.22757342
0.006054934400000001 0.023557866 0.22757507000000002
0.0060010448 0.023557165 0.22759285999999998
0.006041611 0.023573461999999996 0.22760745
0.0060182551 0.023561652999999995 0.22758753999999998
0.0060608513000000004 0.023557692999999998 0.22760014
0.006030460299999999 0.023569986 0.2275785
0.006032659300000001 0.023571025 0.22754523000000004
0.0060411716999999995 0.023561076 0.22757058000000002
0.0059930624000000005 0.023574776999999998 0.22753030999999999
0.0060610679 0.023568205999999998 0.22756264
0.0060093785 0.023568443999999997 0.22756264
0.0060370271999999996 0.023581922999999998 0.22755412000000003
0.0060145735 0.02357649 0.22756760000000004
0.0060156237 0.023560299 0.22758816999999998
0.0060363873 0.023577326000000003 0.2275519
0.0060484348 0.023592216 0.22755877
0.0060302398 0.023598882 0.22757871000000002
0.0060439108999999994 0.023563317 0.22755611
0.0060340089 0.023570683000000002 0.22754291
0.0061250357 0.023559693 0.22754701000000002
0.006043665899999999 0.023566972 0.22754778
0.0060340141 0.023559256 0.22757223999999998
0.0060521078 0.023560466000000002 0.22752934000000002
0.006067046600000001 0.023582964 0.22755783
0.0060051606 0.023579601 0.22758044000000002
0.0060533355 0.023582849 0.22756590999999998
0.006037058499999999 0.023585762000000003 0.22755288
0.0060260677 0.023593935999999996 0.22753469
0.0060544537 0.023596962 0.22755924000000002
0.006064951600000001 0.023588023 0.22756562000000002
0.006098567000000001 0.023578294000000003 0.22756192
0.0060375834 0.023579977999999998 0.22758728
0.0060962748999999995 0.023583282 0.22753317
0.0060713534 0.023599751999999998 0.22757763999999997
0.006089816099999999 0.023579140000000002 0.22754625
0.006036831799999999 0.02359422 0.22753491
0.0060567331 0.023574171999999997 0.22757429000000004
0.0060225860999999995 0.023551842 0.22755812999999997
0.0060443807 0.023574682000000003 0.22755355000000002
0.0060518604 0.023585929 0.22755175000000002
0.0060595681 0.023562697 0.22756732
0.0060697758 0.02358234 0.22757050000000004
0.0060332970999999996 0.023572218000000002 0.22755884
0.006050517 0.023590266 0.22755371000000002
0.0060105038 0.02357772 0.22757791000000002
0.0060480206 0.023599005 0.22757277
0.0060570402 0.023602328 0.22757272999999997
0.006037741099999999 0.023585282000000003 0.22758766000000002
0.005991501999999999 0.023589214 0.22756943000000002
0.0060217055 0.023592291999999997 0.22757382
0.0060514830999999995 0.023586202 0.22758634
0.005983703700000001 0.023578678999999998 0.22755538999999997
0.0060057516 0.023586976 0.22760723
0.006018461199999999 0.023595366 0.22759424
0.0060147492999999995 0.023593498999999997 0.22759029000000003
0.0060380851999999995 0.02358301 0.22757171
0.0059985859 0.023581077 0.22757367
0.0060232265 0.023578308 0.22755744
0.0060175076 0.023585635 0.22758656000000005
0.0060008615 0.023581479000000002 0.22756388000000002
0.0060393986 0.02356978 0.22758599999999998
0.0060047099 0.023581897 0.22756844999999998
0.0060053879 0.023579999999999997 0.22755394999999998
0.005964275100000001 0.023580471000000002 0.22756868999999996
0.005998215100000001 0.023570002000000003 0.22760578000000004
0.0060153294 0.023558627 0.22757368999999997
0.0059974879 0.023556318 0.22756655
0.005989373300000001 0.023559422 0.22757357000000003
0.0059660338 0.023551835 0.22758602000000003
0.0060387489 0.023549317999999996 0.22757402999999998
0.0060245921 0.023571859 0.22753055
0.0060620277 0.02360902 0.22759375999999998
0.0060547259 0.023588631 0.22757291
0.006021407500000001 0.023600807 0.22755962999999996
0.006031977200000001 0.023590238 0.22759152
0.006008649900000001 0.023587859 0.22755924999999996
0.006044409400000001 0.02358994 0.22755722
0.006043710599999999 0.023592766 0.22757328000000002
0.0060201683999999995 0.023574778 0.22753613
0.0060731265 0.023584481 0.22758211
0.006020040200000001 0.023590744 0.2275973
0.006029992400000001 0.023576918000000002 0.22757717
0.006011567800000001 0.02357269 0.22755959999999997
0.0059732511 0.023568297999999998 0.22757206000000002
0.0059956819 0.023541577 0.22755646000000004
0.0060003022 0.023558892000000005 0.22756453000000004
0.0060022986 0.023554999 0.22756643999999998
0.006001014099999999 0.023549832 0.22754992000000002
0.0059759718 0.023545782999999997 0.22755795
0.006002702699999999 0.023558201 0.22755335
0.006006010799999999 0.023567162 0.22755219
0.0060290781 0.023546400999999998 0.22754985
0.005992799500000001 0.023547131000000002 0.22756557000000002
0.005963723999999999 0.023521586 0.22754588
0.005970714899999999 0.023521772000000003 0.22755806
0.0059832961 0.023547844000000002 0.22755660000000005
0.005976470100000001 0.023545827 0.22754348000000002
0.0059356901 0.023547671 0.22755898000000002
0.0060017585 0.023542415000000004 0.22757518000000002
0.006003805200000001 0.023529612000000002 0.22756837000000002
0.0060084963 0.023555971000000002 0.22760233000000002
0.0060074302 0.023559927 0.22756336
0.005968077499999999 0.023532941999999994 0.22756289000000002
0.0059874513 0.023522466000000002 0.22756768
0.0059814723 0.023525015000000003 0.22756256000000002
0.0059718641 0.023526790000000002 0.2275605
0.0059805454000000004 0.023534461 0.22757241
0.0059714446000000004 0.023520408000000003 0.22758575999999997
0.0059496529 0.023528986 0.22754754000000005
0.0059372204 0.023549978 0.22757399
0.0059666494 0.023530508 0.22760634999999999
0.005959133 0.023551292999999997 0.22755557000000004
0.0059795583 0.023530861 0.22754147999999996
0.005954429999999999 0.023537511 0.2275515
0.005966743 0.023541633 0.22756205000000002
0.0060010528 0.023545003000000002 0.22758405
0.0059621684000000005 0.023565849 0.22760041000000003
0.0059927249 0.023535214000000002 0.22756533
0.0059804546 0.023550795 0.22758501
0.0059373648999999995 0.023544386 0.2275553
0.0059752338 0.023528834 0.22758167999999998
0.005922559 0.023529597 0.22757577
0.0059590705 0.023528681 0.22756669000000002
0.0059641629 0.023530977 0.22756522
0.0059625751999999995 0.023521822 0.22753903000000003
0.005943210700000001 0.023521618 0.22756373000000002
0.005944143 0.023531332 0.22755592
0.005968620200000001 0.023530181 0.22756173999999998
0.0059433481 0.023536115000000003 0.22755342
0.0059328521 0.023547873 0.22756699
0.0060002227 0.023529212 0.22750966999999997
0.005960247199999999 0.023536589000000004 0.22756577000000006
0.0059262534 0.023526941000000003 0.22756020000000002
0.0059772864 0.023547704999999995 0.22754956999999995
0.0059853248000000005 0.023534771 0.22756021999999998
0.0059775733000000005 0.023554439 0.22758142
0.005994555600000001 0.023524921999999997 0.22755382000000002
0.0059580250000000005 0.023524852000000002 0.22757265
0.005978967 0.023527417000000002 0.22755206
0.005976255999999999 0.023536393 0.22759221999999996
0.005916902 0.023540379999999996 0.22756806
0.005982235800000001 0.023532195 0.22756516000000002
0.0060187369 0.023540154 0.22757266
0.0059705806 0.023529144000000002 0.22755267999999998
0.006022203299999999 0.023525288 0.22755647000000004
0.0059376957000000005 0.023512997 0.22751511
0.005960731600000001 0.023531666 0.22755746999999998
0.0059202512 0.023520169 0.22752445999999998
0.0059494273999999995 0.023525439000000002 0.22752988999999996
0.0059440337 0.023525063000000002 0.22757477
0.005965054599999999 0.023510423999999995 0.22755545000000002
0.005976168600000001 0.023528339000000002 0.22756042999999998
0.0059158538999999994 0.023533125999999998 0.22758649000000003
0.0059499002 0.023513811000000003 0.22755541999999998
0.005976105099999999 0.023535929 0.22755556999999998
0.0059528828999999995 0.023534823 0.22755845
0.0059598442 0.023526721 0.22756388999999996
0.0059505211 0.023531456 0.22757069999999996
0.005907955 0.023520713 0.2275522
0.0059392831 0.023531261 0.22760142
0.0059406238 0.023520015 0.22758161999999998
0.0059358391 0.023534189 0.22755548
0.0059332366999999995 0.023524448 0.22758182000000002
0.0059393068 0.023536052 0.22756564999999998
0.0059958167 0.023524411000000002 0.22756474999999998
0.0059567347 0.023541655 0.22758671000000003
0.0059453818999999995 0.023532996 0.22757628999999996
0.0059868001 0.023534203 0.22754485
0.0059921179 0.02353358 0.22756901
0.005994096700000001 0.023539026 0.22755843999999997
0.0059442229 0.023521424000000003 0.22756117999999997
0.0059579723 0.023550433000000003 0.22754671
0.0060035711 0.023527825000000002 0.22756399
0.005965546800000001 0.023546587 0.22757650999999995
0.0059771223 0.023529939 0.22754951
0.0059880469 0.023537477999999997 0.22758088999999998
0.0059754727 0.023510934 0.22756884
0.0059743152 0.023545815 0.22756458
0.005969444900000001 0.023525256 0.22752421999999997
0.0059951612 0.023537313 0.22757148
0.0059606582 0.023533889 0.22756806000000002
0.0059978958 0.023540382000000002 0.22753638
0.0060339104 0.023540583999999996 0.22757562
0.0059922129 0.023548594 0.22758283
0.0060091335000000004 0.023547408 0.22756265000000003
0.005988971300000001 0.023556757 0.22758708999999996
0.0059807732 0.023541868 0.22754502999999998
0.0059957577 0.023552682999999998 0.22753262999999996
0.005975037399999999 0.023546951000000003 0.22759194
0.0059905804 0.02358775 0.22758242
0.0059716854 0.023551001999999998 0.22757082
0.0060286617 0.023535658 0.22758115
0.0059747833 0.023535162 0.22759319000000003
0.0059611641 0.023527699 0.22755461000000002
0.0059546 0.023545948000000004 0.22755567000000002
0.0059699791 0.023530356 0.22755766
0.0059739683 0.023546642 0.22757455000000001
0.0059737728 0.023536911000000004 0.22754552999999994
0.005967357 0.023541714 0.22758332
0.0059870709 0.023527395 0.22759408000000003
0.0059638519 0.023533869000000002 0.22752819
0.0060174392 0.023545530000000002 0.22756174
0.0060157692999999995 0.023538348 0.2275745
0.0060314524 0.023554377999999997 0.22756447
0.0060124545 0.023545485999999997 0.22758580999999997
0.0059805678 0.023550087999999997 0.22758708
0.0060441693999999995 0.023528841 0.22754493999999997
0.0060296183 0.023548359999999997 0.22756214999999996
0.0060110003 0.023552823 0.22756005999999998
0.006046554000000001 0.023549126 0.22757481999999998
0.0060512353 0.023561709 0.22755702000000003
0.0059938709 0.023548000000000003 0.22760648999999997
0.006042931200000001 0.023568243000000003 0.22755041999999998
0.0059905024 0.023554639999999998 0.22754786
0.006063153700000001 0.02355844 0.22757663
0.0060143243 0.023554595 0.22757200000000002
0.0060499255 0.023561531 0.22755394999999998
0.0060783763000000005 0.023567598000000002 0.22759738999999998
0.006049061100000001 0.023579941 0.22758998
0.0060408484 0.023577340000000002 0.22757898999999998
0.006075357500000001 0.023604367000000005 0.22760235
0.006103977799999999 0.023584973000000002 0.22756679000000002
0.0060803572 0.023591140000000003 0.22755223
0.0060445614000000005 0.023589275 0.22756682
0.0060983771999999995 0.023591191 0.22756465
0.0060280758 0.023573933000000002 0.22758816999999998
0.0060548422000000005 0.023573884 0.22757201
0.0060834806 0.023590319 0.2275522
0.0060149804 0.02358052 0.22755374
0.006015690799999999 0.023555636999999997 0.22756548
0.0060015017 0.023572902 0.22754287999999998
0.006060929799999999 0.023581531000000003 0.22757284000000003
0.006015478900000001 0.023554098 0.22757261
0.0060308084 0.023547903 0.22755773
0.006011165099999999 0.023566466 0.2275938
0.0060364318 0.023554834 0.22758998000000003
0.0059998475 0.023571699 0.22757969
0.0060057749 0.023568042 0.22759177
0.0059922432000000005 0.023571251 0.22757676999999998
0.0059938579 0.023565685 0.22756309000000002
0.0060004066 0.023573998 0.22758388
0.0060461283 0.023541269 0.22755467000000001
0.0059984981 0.023550967 0.22755538999999997
0.006005395300000001 0.023550207 0.22754629999999998
0.005996561500000001 0.023561078000000003 0.22756327
0.0059869245 0.023561947 0.22759146000000002
0.0059839818 0.023568411000000004 0.22759613
0.0059681666 0.023581444 0.22756997
0.005982251500000001 0.02357326 0.22761365000000003
0.006057071799999999 0.023556484 0.22755881000000003
0.006021111500000001 0.023578151999999998 0.22756198
0.0060453167 0.023586892 0.22755851000000002
0.0060305959 0.023570444 0.22757406000000002
0.0060165238000000005 0.023547525 0.22754152
0.0059842625 0.023550437 0.22755491
0.0060509522 0.023567026 0.22758937
0.0060201911 0.023572598 0.22755092999999998
0.005986460599999999 0.023575853 0.22756645
0.0060223576 0.023543561999999997 0.22755839
0.0060780846 0.023551688 0.22756817000000001
0.006058988900000001 0.023554617999999996 0.22758188000000001
0.0060196937 0.023578605 0.22755778999999995
0.005982876200000001 0.023562383000000003 0.22756790000000002
0.006024517 0.023558982000000003 0.22757411
0.0060025202 0.023585455999999998 0.22756759999999998
0.0060482542 0.02357762 0.22758327000000006
0.006042090599999999 0.023565004 0.22760073000000003
0.006040178700000001 0.023575606 0.22759029999999997
0.0060473484 0.023587841999999998 0.227577
0.0059944132 0.023589163 0.22759745000000003
0.0060661632 0.023588905 0.22756326000000002
0.0060219181999999994 0.023568727 0.22756884
0.0060460376 0.023591507999999997 0.22759417
0.0060584932 0.023568226 0.22755459
0.0060281293 0.023572816 0.22757970000000002
0.0060730111 0.023570103 0.22760207999999998
0.006064811 0.023578625 0.22757656
0.0060410772 0.023572262000000004 0.22760352999999997
0.0060295416 0.023580207 0.22756672
0.006051289600000001 0.023556155000000002 0.22755668
0.0059946367 0.023570701000000003 0.22756768
0.0059995838 0.023573999 0.22756435999999997
0.006028712 0.023562743 0.22754869000000003
0.0060494363 0.023561312 0.22756691
0.0060309179 0.023570723 0.2275687
0.006014658000000001 0.023563983 0.22755479000000003
0.0060283385 0.023588900000000003 0.22757902000000002
0.006032343000000001 0.023564203 0.22755672000000002
0.005998262999999999 0.023573186000000003 0.22757180999999999
0.006019247300000001 0.023568048 0.22757353
0.006047425800000001 0.0235618 0.22756702999999998
0.0060492114 0.023587115999999998 0.22754695000000003
0.0060248639 0.023572618 0.22759546000000003
0.0060906509 0.023589277999999998 0.22756556999999997
0.006036069 0.023597148000000002 0.22757310999999997
0.0060121453 0.023567174 0.2275505
0.0060629569 0.023590924 0.22757009999999997
0.006033313899999999 0.023571636000000003 0.22754499999999997
0.006083435 0.023580445 0.22758026
0.0060538167999999995 0.023562531000000005 0.22757583
0.0060477529 0.023573138 0.2275538
0.0060493482000000005 0.023591659000000004 0.22753849
0.0060237826 0.023583051 0.22757405
0.0060885556 0.023579920999999997 0.22757441000000003
0.0060185279999999996 0.023573598 0.22755976999999997
0.0060083242999999995 0.023563083000000002 0.22757249999999996
0.0060280762 0.023577278 0.22755823999999994
0.0060242507 0.02357609 0.22754888
0.0060153634 0.023591494999999997 0.22759179000000002
0.0060789806000000005 0.023605647 0.22759511000000004
0.0060787349000000004 0.023600569999999998 0.22758137
0.006049059000000001 0.023605743 0.22758538
0.0060303017 0.023599362000000002 0.22758677
0.0060458555999999995 0.02361214 0.22757849000000002
0.0060213991 0.023588942999999998 0.22753921000000005
0.005989204400000001 0.023621618 0.22757921999999997
0.0060524540000000005 0.023604636000000002 0.22757212
0.0060504165 0.023590286 0.22758016000000003
0.006089115800000001 0.02358967 0.22756282
0.006029466799999999 0.023610535000000002 0.22756720000000003
0.0060486809 0.023589404 0.22758696
0.0060441926000000005 0.023582265999999998 0.22755935
0.005995391500000001 0.023565166000000002 0.22757736
0.0059929817 0.023571243999999998 0.22758461999999996
0.0059949776 0.023592781 0.22755168
0.006021505999999999 0.023576376000000003 0.22758148
0.0060049538 0.023593687999999998 0.22757605
0.0060269806 0.023564797000000002 0.22756540000000003
0.005994625 0.02358797 0.22757188999999997
0.0060331646 0.023562347 0.22757767
0.0060605426000000006 0.023550822 0.22754742999999994
0.0060504272000000015 0.02355428 0.22757729000000002
0.0060219548 0.023583824 0.22754952
0.006025902099999999 0.023551804 0.22756417999999998
0.005998719400000001 0.02356063 0.22757444
0.006028190399999999 0.023573902 0.22757909999999998
0.0060667653000000005 0.023566578999999997 0.22753389
0.0060989515 0.02359153 0.22754113
0.0060472693 0.023562828 0.22755514999999998
0.0060525994 0.023586766 0.22757236
0.006033959199999999 0.023576763 0.22755913000000003
0.0059905293 0.023581374999999998 0.22756901999999996
0.006074013299999999 0.023603546 0.22757719
0.0060593572 0.023569322 0.22758021
0.006025832599999999 0.023594379999999998 0.22758777000000002
0.0060086156 0.023588218 0.22755004000000004
0.0060739005 0.023568445 0.22757915999999997
0.006043958599999999 0.023550422 0.22752782000000002
0.006005348 0.023546198 0.22756886000000004
0.0060548688 0.023577726 0.22758163000000003
0.0060547828 0.023558126999999998 0.22754458
0.0060360138 0.023569839000000002 0.22753631
0.0060602897 0.023575708 0.22753880999999998
0.0059897964 0.023572567 0.22755638
0.005970663199999999 0.023569751000000003 0.22758792000000003
0.0060171524 0.023555515 0.22753967
0.005970939 0.023585997 0.22755873
0.0059559426999999995 0.023590963 0.22756261000000003
0.0060114834 0.023561453 0.22756648
0.0059788273 0.023573718 0.22755898000000002
0.0059940806 0.023584111 0.22757128999999998
0.0060060307 0.023577992 0.22754658
0.0059907671 0.023563594 0.2275845
0.0059962913 0.023570018999999998 0.22756392
0.0060189863 0.023564711 0.22756743999999998
0.006024589799999999 0.023562213999999998 0.22756983000000003
0.0060219399 0.023589674 0.22757466
0.006003537000000001 0.023580412000000002 0.22759632000000002
0.006001575100000001 0.023578220000000004 0.22756656
0.0060230679 0.023586921 0.22757248999999996
0.006051461700000001 0.023573192 0.22757488
0.006036549800000001 0.023567570000000003 0.2275716
0.0060108634 0.023561352 0.22758848000000004
0.006023566 0.023561467000000003 0.22756377999999997
0.005985686700000001 0.023544269 0.22755873
0.005962086 0.023569477 0.22755478000000004
0.005981407700000001 0.02352686 0.22759871999999998
0.005969893700000001 0.023541925000000002 0.22753951
0.0059537413999999995 0.023538518 0.22754971
0.0059857983 0.023539518 0.22757217999999999
0.0059821617 0.023534318000000002 0.22757682000000004
0.0059845711 0.023540044 0.22755796
0.005958058600000001 0.023526821999999996 0.22755695999999997
0.005965439 0.023545165 0.22760061000000004
0.0059741335 0.023543531 0.22758024999999998
0.0059790834 0.023555938 0.22755482
0.0059782846 0.023544922000000003 0.22754227999999999
0.0060414512 0.023544707 0.22754864000000002
0.0059823214 0.023568953999999996 0.22758454
0.0059866636 0.023576452 0.22758191
0.006010914 0.023547445 0.22757401000000002
0.0060066948 0.023566463 0.22756354
0.0060330094 0.023559638 0.22759049999999997
0.0059748480000000005 0.023541317 0.22755661
0.0059544197 0.023550503 0.22756496999999998
0.0060025608 0.023533863 0.22758868000000004
0.0060047283 0.023535641 0.22755930000000002
0.0059614666000000005 0.023532717 0.22757021000000002
0.0059505502 0.023527459 0.22756189999999998
0.005910065399999999 0.023518393 0.22755759999999997
0.0059400336 0.023541953 0.22757946999999995
0.0059132489 0.023524733 0.22753197000000003
0.0059175275 0.023524393999999997 0.22754029999999997
0.0059583121999999995 0.023550704999999998 0.22755552999999998
0.0059477602999999995 0.023526501 0.22753654
0.0059409436999999995 0.023524568000000003 0.22752322
0.0059745852 0.023529915000000002 0.22754201000000002
0.0059477338 0.023546690000000002 0.22756154999999997
0.0059987549 0.023539125 0.22754223
0.005983648500000001 0.023559537999999998 0.22754672
0.0059349679 0.02354949 0.22755237999999997
0.0059217049 0.023555286 0.22755540000000002
0.006015279100000001 0.023531739 0.22752395
0.005955712199999999 0.023539113 0.22755753999999997
0.0059780827 0.023539732 0.22757931999999997
0.006005930299999999 0.023538685 0.22757738
0.0059762468 0.023529348999999998 0.22755191000000002
0.0060185494 0.02354848 0.22751603999999997
0.005980063400000001 0.023535211 0.22752579
0.005995586999999999 0.023553416 0.2275486
0.0060033987 0.023531500000000004 0.22757783000000004
0.0060256597 0.023559301999999997 0.22755723999999997
0.006004081999999999 0.023536690000000002 0.22754108
0.0060406568 0.023533632 0.22755595
0.0059571841 0.023527478 0.22752832
0.006012051700000001 0.023521271 0.22753113000000003
0.0060285579 0.023530244 0.22754792999999998
0.0059760494999999995 0.023510688000000002 0.22756146
0.005977114100000001 0.02352121 0.2275455
0.0060276293 0.023538993 0.22756898999999997
0.006049798 0.023520649999999997 0.22752807000000003
0.0060397819 0.023552951 0.22757038999999998
0.0060586893000000005 0.023556492000000002 0.22756385000000004
0.006046007899999999 0.023534216000000004 0.22753563
0.0060258449 0.023555794 0.22754031000000002
0.0060021897000000005 0.023535682999999998 0.22754288999999997
0.0059694233 0.023537305999999997 0.22754095999999996
0.0059548163000000005 0.023534633 0.22753568
0.0060099687 0.023554363000000002 0.22753068999999998
0.0060072602000000004 0.023533041 0.22754476
0.006018099599999999 0.023533627 0.22752942999999998
0.006008387400000001 0.023561520000000002 0.22754228999999998
0.0060432549 0.023564127 0.22753784999999999
0.0060090395 0.023538327 0.22759091000000004
0.0059886288000000005 0.023532979000000002 0.22757089000000003
0.0059932581 0.023542284 0.22758085
0.0060215163 0.023567690000000002 0.22755572000000002
0.0060345982000000005 0.023557112999999998 0.22755966
0.0060346079 0.023553665 0.22757765000000002
0.005997085 0.023547259 0.22756855999999998
0.0060220015000000005 0.023537159 0.22757177999999997
0.0060267411 0.023554646000000002 0.22756928000000004
0.006017203299999999 0.023588665 0.22755256
0.0059830963 0.023558791000000003 0.22758627000000003
0.0060053422 0.023566119 0.22756567
0.006035117300000001 0.023564341 0.22758588999999999
0.0059701202999999994 0.023576107000000002 0.22756653
0.0059507149 0.023589696 0.22756842000000002
0.0059479534 0.023570093 0.22759696999999995
0.0060073203000000006 0.02356641 0.22756243999999998
0.0059919839 0.023562800000000002 0.22755276000000002
0.006011835 0.023558389 0.22756490999999998
0.0060310562 0.023574022 0.22754371
0.0060180009 0.02358729 0.22758354
0.0060032455 0.023579134 0.22756075
0.0059842535 0.023567197 0.22759167999999996
0.006012871899999999 0.023566984 0.22756063
0.0059976427999999995 0.023568503 0.2275831
0.0059910473 0.023567147 0.22756658999999999
0.0060515664 0.023558929 0.22753362
0.0059748364 0.023539523 0.22755092999999996
0.006047792799999999 0.023557322999999998 0.22755364
0.006012267400000001 0.023546280000000003 0.22755402
0.0060340004000000004 0.02355433 0.22756227999999998
0.0059683916 0.023574771 0.22757216000000002
0.0059404903 0.02354482 0.22758449
0.006005935999999999 0.023562267999999997 0.22756433
0.0060045889 0.023584453 0.22756151
0.0060014517 0.023534805 0.22753898
0.0060208711 0.023553342999999997 0.22755732
0.0060356347000000005 0.023580325 0.22754337000000002
0.006039987 0.023564316 0.22756945
0.0060103163000000005 0.023574356 0.22757567
0.0060544251 0.023603805999999998 0.22757375
0.0060494969 0.023587627 0.22752534
0.0060784499 0.023580932 0.22755472999999998
0.006001422500000001 0.023586185 0.22758222
0.0060756871 0.023603162999999996 0.22756594000000002
0.0060750414999999995 0.023595519 0.22756202
0.0060251599 0.023598576 0.22757565
0.0060466930000000006 0.023586501000000003 0.22755136
0.0060320710999999996 0.023561007000000002 0.22758944999999997
0.0060250215 0.023587059 0.22759002
0.0060366429999999995 0.023592748000000004 0.22760056
0.0060234246 0.023593828 0.22757866999999998
0.0060190562 0.023608044 0.22759453000000002
0.0060772317 0.023564164000000002 0.22757836
0.006052822300000001 0.023578327000000003 0.2275489
0.0060046024 0.023588687 0.22756949000000004
0.0060370499 0.023583522000000003 0.22759572
0.0060292499 0.023583373 0.22754831000000003
0.0060168154 0.023592288 0.22757589
0.0060500091 0.023593585 0.22757606000000002
0.0060476876 0.023586193 0.227529
0.0060161348 0.023564308 0.22756116000000004
0.0060346222 0.023580572 0.22757520000000003
0.0060308447 0.023584855999999998 0.22756267000000002
0.0060271333 0.023566794999999995 0.22755828
0.0060172563 0.023558099 0.22755521
0.0059846809 0.023577109 0.22756707999999998
0.0059849941 0.023564535999999997 0.22756237
0.006014885700000001 0.023564236 0.22758487
0.0059722005 0.023572966 0.2275706
0.006009945300000001 0.023580446999999997 0.22756797
0.0059703453999999994 0.023540147 0.22756971999999998
0.005977714300000001 0.023547034 0.22754817999999996
0.0060195185 0.023556266 0.22753083
0.0060227183 0.023529957999999997 0.22755835000000002
0.0059692656999999994 0.023541234 0.22757601
0.0059533396 0.023544252999999998 0.22757085
0.0059658309999999996 0.023553987000000002 0.22755518000000002
0.0060216514 0.023553763 0.22755400999999997
0.0059287352 0.023536883 0.22755946
0.0059656649 0.023526243 0.22759535
0.005949376 0.023549744 0.22759681
0.0059349035 0.023540438 0.22757429999999998
0.0059552658 0.023558525 0.22757741
0.0059639193 0.023552084999999997 0.22758143
0.0059779942 0.023558396000000002 0.22757581999999998
0.0059859051 0.023550198 0.22757251000000003
0.0059921594 0.023547614 0.22756773
0.005991745599999999 0.023558057 0.22756892
0.005975876399999999 0.023553696 0.22755675000000003
0.0059441423 0.023539148000000003 0.22755868
0.0059590014 0.023534821999999997 0.22756419
0.005968915399999999 0.023547678 0.22756159
0.0059747985 0.023556558 0.22755174
0.0059772956 0.023543611 0.22753908999999997
0.0059763694 0.023550875 0.22755544
0.0059881212 0.023548873999999997 0.22753212000000006
0.006019093200000001 0.023555687999999998 0.22756325
0.0060309175999999996 0.023560671 0.22751219000000003
0.0059436956 0.023558595 0.22756512999999998
0.005970854100000001 0.023517886999999998 0.22755947999999998
0.0059618627 0.023552185 0.22755929
0.0059763234000000005 0.023530836 0.22754069000000002
0.0059667985 0.023530310000000002 0.22755679
0.0059582605 0.02352591 0.22755354000000003
0.0059530702 0.023552606 0.22755861000000005
0.0059649114 0.023528688 0.22755541000000004
0.0059579101999999995 0.023540609999999997 0.22756217000000004
0.0059484451 0.023531105 0.22756952
0.0059326186 0.023532106 0.22755017
0.005967462599999999 0.02352524 0.22757476
0.0059478925 0.023531450000000002 0.22758568
0.005951031 0.023561758999999998 0.22760639
0.0059817915999999995 0.023531844 0.22754521
0.0059623328 0.023562606000000003 0.22757458000000003
0.0059899307 0.023550134 0.22754504
0.005950090399999999 0.023584081 0.22755825999999998
0.0060185031 0.02356443 0.22760274000000003
0.006030528500000001 0.023571275000000003 0.22759188000000002
0.0060082664 0.023584714 0.22755378999999998
0.0060263664 0.023553743000000002 0.22758148
0.005991459499999999 0.023546748 0.22754987999999998
0.005961520499999999 0.023559899999999998 0.22754317
0.0059638619 0.023546486 0.22755207
0.0059910591 0.023549571999999998 0.22755577
0.005944251 0.023560397 0.22756773
0.0060135569 0.023540219 0.22755359000000003
0.0060100546 0.023563536000000003 0.22756187
0.005989602299999999 0.023543961999999998 0.22756300000000002
0.0059993997 0.023575931 0.22759107000000003
0.006034171400000001 0.02357173 0.22758875
0.005997465 0.023564606 0.22756285000000004
0.0059895634 0.023569463 0.22757286
0.006035427500000001 0.023568819999999997 0.22757361
0.006012556099999999 0.023574407 0.22755524
0.0060184808 0.023573142000000002 0.2275798
0.0060421021 0.023566094 0.22756656
0.0060229213 0.023565971999999998 0.22757180999999999
0.005995611099999999 0.023561764 0.22755398000000002
0.0060161995 0.023561341000000003 0.22757129000000004
0.005995327399999999 0.023569584000000005 0.22757676999999998
0.0060228686 0.023568654 0.22756711
0.0060142111 0.02355365 0.22757137
0.0059987765 0.023566003 0.22757412999999999
0.0059920149 0.023573600000000004 0.2275646
0.005983800399999999 0.023549968999999997 0.22757890000000006
0.0059903377999999995 0.023567983999999997 0.22755576000000005
0.0059509998000000005 0.023548653000000003 0.22756366
0.0059869524 0.023562917000000003 0.22756617
0.0059854401 0.023537593 0.22756841999999997
0.0059922082 0.023549308999999997 0.22756105
0.006017938699999999 0.023551463 0.22754643
0.006017037 0.023544161 0.22758962999999993
0.005990090700000001 0.023540729000000003 0.22754099
0.0059462874 0.023533706 0.22755387
0.0060136775 0.023547047999999998 0.22758263000000004
0.005990353500000001 0.023534708999999997 0.22754666
0.0059796845 0.023538623 0.22757021000000002
0.005953399 0.023534663 0.22757049000000001
0.0059765352 0.023542365000000003 0.22756591999999998
0.0059740478999999996 0.023549035 0.22757073
0.005969828 0.023568315 0.22755391
0.005987554500000001 0.023552195999999997 0.22757202999999998
0.005962112 0.023537718 0.22759176
0.0059786175 0.023542906 0.22756198
0.0060433933 0.023547849 0.22757073
0.006015845 0.023542633 0.22756021999999998
0.0059904803999999996 0.023536596 0.22757690999999997
0.0059918608 0.023527953999999997 0.22756663000000002
0.005983088100000001 0.023534383 0.22755979
0.0060135225 0.023544719999999998 0.2275719
0.0060132051 0.023536537000000003 0.22757229999999998
0.0059927734 0.023547334 0.22755465
0.0060367961 0.023534368999999996 0.22753959000000004
0.006016780899999999 0.023547547000000002 0.22757014
0.0060464132000000005 0.023548145 0.22756781999999998
0.006022641800000001 0.023532899 0.22756132999999998
0.0060386453 0.023558098 0.22758224
0.0060447352 0.02353253 0.22755831000000004
0.0060206296 0.023541779999999995 0.22754881999999998
0.0060120074 0.023534338999999994 0.22756561
0.006015389 0.023526339 0.22755505
0.006030321 0.023529521 0.22754976999999998
0.006034244899999999 0.023532893 0.22754484000000003
0.0060048467 0.023546553 0.22754765999999998
0.006016115800000001 0.023535096 0.22755314
0.0060166468999999995 0.023549519 0.22754224
0.0060330697 0.023530862 0.2275652
0.0060044331 0.023535844 0.22761539000000003
0.005974983200000001 0.023541925 0.22758051999999998
0.006038468799999999 0.023567853 0.22754053000000002
0.0060287304 0.023567895 0.22757417999999996
0.0059960376 0.023578925 0.22758518999999997
0.0059892357 0.023565293999999997 0.22756746999999997
0.0060146376 0.023551420999999996 0.22755817
0.0059859124000000005 0.023540409 0.22756360999999997
0.0059736329 0.023542953 0.22754640000000004
0.0059514341999999994 0.023551270000000003 0.22758324000000002
0.0059847075 0.023529277999999997 0.22753927
0.0059504673 0.023529022999999996 0.22753318
0.005984601399999999 0.023552816 0.22757725999999998
0.005982267300000001 0.023530678 0.22753520000000002
0.0059901618 0.023523131000000003 0.22754005
0.0059848201000000005 0.023528166 0.22757303
0.0059959496 0.023546739000000004 0.22756943000000002
0.0059943807 0.023545407999999997 0.22756291
0.0060190226 0.023574116 0.22759618
0.005939887900000001 0.023565153 0.22758492000000002
0.0059915651 0.023582581999999998 0.22757581999999998
0.005957949 0.023563922999999997 0.22755777
0.0059716726 0.023541896 0.22756623
0.0059596955 0.023567751 0.22756379
0.0059432798 0.023550177999999998 0.22753410999999998
0.0060368508 0.023547619 0.22756813
0.005984034599999999 0.023543082 0.22754222
0.0060001037 0.023583760000000002 0.22760375000000002
0.0060029664 0.023574383 0.22755314
0.006003473 0.023536429999999997 0.22757437
0.0060078173 0.023563652999999997 0.22757891
0.0060065859999999995 0.023537964 0.22756901
0.0059960303 0.023536413 0.22756863999999996
0.0059995103 0.023531483000000002 0.22757646999999998
0.0059972609 0.023547728999999996 0.22760369000000003
0.0059443746999999995 0.023539752000000004 0.22757012999999998
0.0060135399 0.023581016 0.22757853999999997
0.0060216639 0.02355289 0.22756467000000002
0.0060377722 0.023561003 0.22757964000000003
0.0060470231 0.023564184 0.22757540999999998
0.0060436917 0.023557581 0.22757495
0.0060106343000000005 0.023559266 0.22754955
0.0060142265 0.023544977 0.22756231000000002
0.0060605999 0.023559932 0.22757429999999998
0.006005351399999999 0.023579540000000003 0.22756893999999997
0.0060203058 0.023564589 0.22756799000000005
0.006016411 0.023552113 0.2275757
0.0059652664 0.023553125 0.22759684
0.006035524400000001 0.023557902999999998 0.22757923
0.0059838798 0.023543608 0.22758581000000003
0.0060223758 0.023553102 0.22756289000000002
0.0059848547 0.023536854000000003 0.22755869
0.0060163701 0.023543102 0.22756340000000003
0.005980197800000001 0.023541496000000002 0.22756381
0.0059987418 0.023548812000000002 0.22757458000000003
0.0060207651000000004 0.023554449999999998 0.2275671
0.006017419800000001 0.023553382999999997 0.22755058999999997
0.0060320181 0.023575009 0.22755904999999998
0.006032588200000001 0.023566370999999996 0.22758077999999998
0.0060249542 0.023550959 0.22755280000000006
0.006066560800000001 0.023551824 0.22754713
0.0060148285000000004 0.0235444 0.22758269999999997
0.00604365 0.023558638 0.22758591
0.0060853515999999995 0.023558582 0.22756657000000002
0.0060164405 0.023538181999999998 0.22756020999999998
0.0060172789999999995 0.023548541 0.22755198000000001
0.005978614500000001 0.023551178 0.22757806000000005
0.0060799525 0.023558901 0.22757715000000003
0.0060404738 0.023566208999999998 0.22755676
0.0060463567999999995 0.023561066999999998 0.22754956999999995
0.006024622699999999 0.023545454 0.22755671
0.0060430488 0.023566992000000002 0.22756132999999998
0.006060953200000001 0.023558984999999998 0.22760236000000003
0.0060342223 0.02357764 0.22756143999999998
0.0060198482 0.02357033 0.22756143
0.006029515300000001 0.023560453000000002 0.22758124999999998
0.0060250353 0.02358321 0.22756487
0.006041592399999999 0.023564417 0.22754902000000002
0.0060582444 0.023570001 0.22753251
0.0060253497 0.023570553999999997 0.22757405
0.0060391033 0.023568801 0.22754702999999998
0.0060301174 0.023571681000000004 0.22755856999999996
0.006070506799999999 0.023580351 0.22757047
0.0060193915 0.023580563 0.22757495
0.0060639003 0.02357562 0.22756407000000003
0.0059999867 0.023570475 0.22754171999999998
0.006059999200000001 0.023584067 0.22757134000000004
0.0060071767 0.023579390999999998 0.22754686
0.006037297 0.023583911 0.22758108000000005
0.0060205300000000005 0.023586601 0.22758395
0.0060263807 0.023561646 0.22756187
0.0060519252 0.023584101000000003 0.22758069
0.0060415876 0.023567838 0.22755016
0.0060368796 0.023538902000000004 0.22756013000000003
0.0059904462 0.023537228 0.22756475000000004
0.006020832 0.02355405 0.22755091
0.0060223881 0.023563380000000002 0.22754575999999999
0.0060125523 0.023553703999999998 0.22755911
0.0060224492 0.023550356 0.22757749
0.0060626593 0.023575252 0.22755595
0.0060354824 0.023550939 0.22757791
0.0059740782999999995 0.023568861000000003 0.22757726000000003
0.006005862200000001 0.023563143 0.22758578
0.006031287200000001 0.023571006999999998 0.22759035
0.0060112989 0.023569534 0.22756368999999999
0.0060261586 0.023556725 0.22756264
0.0060322922 0.023581986000000003 0.22757813
0.006071921300000001 0.023577747000000003 0.22754153000000002
0.0060587436 0.023583622 0.22755405999999997
0.0060501703 0.023562734000000002 0.22755538
0.006026319099999999 0.023582012 0.22759606
0.005978841 0.023569549000000002 0.22754612000000002
0.006011726300000001 0.023563559 0.22758758
0.006014116000000001 0.023528129 0.22755755
0.0059321705 0.023548152 0.22753108999999996
0.0059741337 0.023546671 0.22758181
0.006025341 0.023561095 0.22756844000000004
0.006037141899999999 0.023550783999999998 0.22756842000000002
0.006050367 0.023569812000000002 0.22755671
0.0059871971 0.0235569 0.22755762000000002
0.0059984647 0.023538596000000002 0.22752512
0.006025641399999999 0.023551270999999995 0.22757095
0.006012468700000001 0.023549769999999998 0.22754432000000002
0.0059805901 0.023544701999999997 0.22758589
0.0059960976999999995 0.023567192000000004 0.22756804000000003
0.005983839799999999 0.023558759000000002 0.22757283999999997
0.0060022423 0.023549946 0.22757395999999996
0.0060114299 0.023549417000000003 0.22756638
0.005990561200000001 0.023574682 0.22755187000000002
0.005997285400000001 0.023566639999999996 0.22756691
0.0059874725 0.023590430000000003 0.22753072999999996
0.0060193129 0.023552433 0.22759139999999997
0.0060001277999999995 0.023550387 0.22756397
0.0059718068999999995 0.023540645 0.22754096000000001
0.0059612527 0.023557203000000002 0.22756022000000004
0.0059997451 0.023539673 0.22758446000000002
0.0059619772 0.023555665 0.22759134999999997
0.0059851876000000005 0.023554116 0.22756601
0.0059716031 0.023559636000000002 0.22758209000000001
0.0059683626 0.023539408 0.22758198000000002
0.0059608663 0.023559686000000003 0.22757375
0.0059856848 0.023530085 0.22757132000000002
0.0060219937 0.023545912 0.22758488
0.0059582358 0.023514759 0.2275996
0.0059473366 0.023520936 0.22755384000000003
0.005973787899999999 0.023521835999999997 0.22758165999999996
0.0060328414 0.023555629 0.22754974999999997
0.0059445584 0.023569683 0.22757942
0.006002747000000001 0.023560807 0.22758425
0.0060004083 0.023543401 0.22757264
0.006022989800000001 0.02356001 0.22756812999999995
0.006056013000000001 0.023567408 0.22758029999999999
0.0060235322 0.023561087 0.22756663000000002
0.0060418366 0.023561863000000002 0.22756320999999996
0.0059895347 0.023542539 0.22756064
0.0060248589 0.023540209 0.22756267000000002
0.0060230072 0.023566002 0.22755166999999998
0.006007684300000001 0.023550846999999996 0.22754263999999996
0.0060249565 0.023569097000000004 0.22756894
0.006048717800000001 0.023570640999999996 0.22756308999999994
0.0060056423 0.023577232999999996 0.22759777999999997
0.006039868499999999 0.023587256 0.22758325
0.006049591700000001 0.023577654000000003 0.22760675000000002
0.006045488199999999 0.023562767000000002 0.22757465
0.0060367668 0.023560052 0.22760012000000002
0.005997724899999999 0.023545535 0.22757056000000003
0.0060770564 0.023581411999999996 0.22757451999999997
0.0060518185 0.023572528 0.22754533000000002
0.0060373791 0.02354884 0.22754148000000002
0.006044046799999999 0.023573596 0.2275699
0.0060206515999999995 0.023570882999999997 0.22754371
0.0060323375 0.023580102999999998 0.22756069
0.0060603863 0.023571973 0.22759054
0.0060152499 0.023578608 0.22759642000000002
0.0060396818 0.023577761000000003 0.22757392999999998
0.0060198189 0.023577939 0.22758204
0.0060560948 0.023576048 0.22756219
0.0060570175 0.023577958 0.22755812999999997
0.0060244217 0.023582379 0.22756666
0.0060266296000000006 0.023565764 0.22757873999999995
0.0060489997 0.023580900999999998 0.22758361
0.006076969999999999 0.023591529 0.22756562000000002
0.0060374199 0.023575454000000003 0.2275845
0.0060330376 0.023572286999999997 0.22755657999999998
0.0060564413 0.023582609 0.22755721
0.0060210199 0.023597234 0.2275716
0.0060133129 0.023589198 0.22755500999999997
0.0060408983999999995 0.023574866 0.22756671
0.0060487092 0.023585230000000002 0.22758032000000003
0.0060589376 0.023595782000000003 0.22757632
0.0060298201000000004 0.023591605999999998 0.22758731999999995
0.006068430599999999 0.023582678000000003 0.22755014
0.0060554717000000004 0.023576314 0.22757829000000002
0.0060782043 0.023602500000000002 0.22759578000000005
0.006106997600000001 0.023614787999999998 0.22757323000000002
0.0060542569999999995 0.023603656 0.2275709
0.0061019825 0.023592677 0.22758205999999997
0.0061466915 0.023606473 0.22756121
0.0060596493999999996 0.023595919 0.22758441999999998
0.0060398382 0.023575436999999998 0.22757580000000002
0.006034185500000001 0.023593585999999996 0.22760132
0.0060495921 0.023583068999999998 0.22757979
0.0059756704 0.02357459 0.2275915
0.0059661204 0.023580624 0.22756733999999995
0.0059607305 0.023562354 0.22758928000000003
0.0060341514 0.023581604 0.22758176000000002
0.0060144841 0.023580524 0.22758251999999998
0.006005690700000001 0.023587211 0.22756740999999997
0.0060226824 0.023556686 0.22756485999999998
0.006091147999999999 0.02359648 0.22754573000000003
0.0059991919999999995 0.023578624 0.22756337000000001
0.005958486400000001 0.023592515 0.22756593
0.005994369599999999 0.023568395 0.22756072
0.0060161469 0.023576276 0.22755174
0.0059696812 0.023586366 0.22756274999999998
0.0059741683999999995 0.023581825999999997 0.22756041
0.0059924552999999995 0.023569557999999997 0.22755177
0.0059919228000000005 0.023567519000000002 0.22754592
0.0060353669 0.023585957000000005 0.22758021
0.0060092407 0.023580860999999998 0.22757477999999995
0.006007119399999999 0.023577493999999997 0.22754867
0.0060007488 0.023570058999999997 0.22753552999999999
0.0060118791999999996 0.023557299999999996 0.22757407999999998
0.0059704461 0.02353296 0.22756674000000002
0.0060044762 0.023545638 0.22758757000000002
0.0059639719 0.023563624999999998 0.22754331
0.005974163900000001 0.023546812 0.22755819999999996
0.0060150583999999995 0.023539809000000002 0.22756786999999998
0.0059676401 0.023552782 0.22757255
0.0059647246000000004 0.023547357999999997 0.22757291999999998
0.0060177984000000006 0.023547442000000002 0.22758685
0.005978806799999999 0.023536723000000002 0.2275562
0.0059455909 0.023531231 0.2275522
0.0059558083000000005 0.023537319 0.22757787999999998
0.0059822654 0.023536626999999997 0.22758008
0.0059442482 0.023523605 0.22759111
0.0059832867 0.023541125000000003 0.22760371000000004
0.005995618100000001 0.023545386999999997 0.22757847
0.0060254235 0.023539562 0.22755064000000003
0.0059593115999999995 0.023547048999999997 0.22756540000000003
0.005956082099999999 0.023543102000000003 0.22756346
0.0059361537 0.023528317 0.22758878
0.0059664975 0.023508664999999998 0.22756474
0.0059786311 0.023536644 0.22757064
0.0059916087000000005 0.023540898 0.22757896
0.0059436326 0.023526872 0.22754313
0.0060118365 0.023539730000000002 0.22755030999999998
0.006021708400000001 0.023549137999999997 0.22756985999999996
0.0059866808 0.023561934 0.22757143999999996
0.0059666236 0.023538683999999997 0.22757104
0.0060098242000000005 0.023550417 0.22754032
0.0060401109 0.023567537 0.22757518000000002
0.0060398766 0.023548089 0.22757465000000004
0.006006122300000001 0.023553668000000003 0.22758550000000005
0.0059856152 0.023563925 0.22757960000000002
0.0060221512999999996 0.023563139 0.22755209
0.006036407400000001 0.023555607 0.2275751
0.005984253400000001 0.023558005 0.22757849000000002
0.0059867856999999995 0.023542339000000002 0.22759133
0.0060195199999999996 0.023552687000000006 0.2275703
0.0060512781 0.023568154 0.22758505
0.006017563 0.02356321 0.22757975
0.0060027164 0.023576036 0.22758259000000006
0.0060395087 0.023547382 0.22759792
0.0060233618 0.023561783 0.2275552
0.0060133288 0.023552723 0.22758432000000006
0.0060198267 0.023544849 0.22758673000000001
0.0059976306 0.023574601000000004 0.2275694
0.006011522 0.023549998000000003 0.22758068000000004
0.0060454715 0.023539558999999998 0.22756433999999998
0.0060391585999999995 0.023556044999999998 0.22757423999999998
0.0060063904 0.023549802 0.22756094000000004
0.006027846999999999 0.023540024 0.22752751999999998
0.006026821700000001 0.023538263 0.22755586
0.006003626999999999 0.023577227 0.22754963000000003
0.0060151899000000005 0.023547727999999997 0.22758229000000002
0.0060511267 0.023548255999999997 0.2275563
0.0060563493000000005 0.023538268 0.22757227000000002
0.0060830382 0.02356435 0.22756493
0.0060274941 0.023554623999999996 0.22757204
0.0059681638000000006 0.023570079 0.22757091
0.0059850596 0.023560875000000002 0.22754191000000001
0.0060158634 0.023570886 0.22759816000000002
0.0060298731 0.023552491000000002 0.2275546
0.006039126700000001 0.023557433 0.22757122000000002
0.006009414699999999 0.023596698 0.22756425
0.0060145097 0.023559979 0.22757354
0.006046243599999999 0.023561931 0.22756726
0.0059990367 0.023558536999999997 0.22756597000000003
0.0060530792 0.023554764 0.22759116000000001
0.006046452 0.02357343 0.22755994
0.0060433612 0.023569709 0.22756685000000001
0.0060185854 0.023561475999999998 0.22756232999999998
0.0060560111 0.02357582 0.22759556
0.006016813199999999 0.023543101 0.22757011
0.0060191888 0.023555656 0.22758055000000002
0.0060362631 0.023574159 0.22759133
0.0060205237 0.023567755000000003 0.22755628
0.005968582200000001 0.023555793 0.22756267000000002
0.0059797734 0.023561906 0.22759105000000002
0.0060006871999999985 0.023555804 0.22756860000000004
0.005976728200000001 0.023542888 0.22756043999999997
0.0059686687000000006 0.02355849 0.22757365
0.006046262 0.023559563999999998 0.22758708000000002
0.0059955334 0.023575650000000004 0.22760364000000002
0.0059928331 0.023539083 0.22759488
0.0059616522 0.023542953 0.22757964
0.005976690599999999 0.023546579999999998 0.22759670000000004
0.005987523999999999 0.02354726 0.22755876000000003
0.0060379343 0.023579727 0.22756708999999997
0.0060582719 0.023569553 0.22755997999999997
0.0060105516 0.023544418999999997 0.22755644
0.0059937983 0.023554871 0.22754345000000004
0.006000207999999999 0.023543378 0.22755797000000003
0.0059846723 0.023542404 0.22754934000000002
0.0060131866 0.023562367 0.22758999999999996
0.0059905806 0.023560322 0.22756163
0.005991606799999999 0.023552727000000002 0.22759064
0.0060012972 0.023569378000000002 0.22758073999999998
0.0060082758 0.023550717000000002 0.22754716
0.006023777300000001 0.023571231 0.22757152
0.0060125104 0.023543555 0.22759506
0.0059772187 0.023532972000000003 0.22759639000000004
0.0059791054 0.023559618 0.2275571
0.0059646955000000005 0.023538402 0.22755986999999997
0.0059456418 0.023542861 0.22756156
0.005991725099999999 0.023541306999999997 0.22753392
0.0059427505999999995 0.023535645 0.22755930000000002
0.0059918183 0.023541424 0.22755564
0.005968027000000001 0.023514376999999996 0.22758113
0.005984278 0.023517172 0.22757093
0.006019905 0.023530073000000002 0.22756573000000002
0.0059759506 0.023541042 0.22755715999999998
0.0059762315 0.023533012000000002 0.22756747000000002
0.0059696665 0.023539822 0.22757451
0.0059857089 0.02353433 0.22754913000000002
0.005985294 0.023526557999999996 0.22757781000000002
0.0059628303 0.023542835000000005 0.22756632000000004
0.005949509099999999 0.023529487 0.22757497
0.005996189600000001 0.023555124 0.22758686
0.0059784818 0.023557520000000005 0.22756078
0.0059977233 0.023543719999999997 0.22758063
0.0060191371 0.023555952 0.22758534
0.0060047595 0.023554796 0.22755472999999998
0.0059888603 0.023576909 0.22755494
0.006014029299999999 0.023540694 0.22757047999999996
0.0060309186 0.023548752 0.22757174000000005
0.006023389200000001 0.023555982 0.22757953000000003
0.0060142479 0.023553466000000002 0.22759457
0.0060432141 0.023552 0.22755533
0.0060323845 0.023572309 0.22756465000000006
0.0060385795 0.023573036999999998 0.22759228999999997
0.0059843255 0.023562085 0.22758217000000003
0.0059757890000000004 0.023558509999999998 0.22757173000000003
0.005955323199999999 0.023544251 0.22754497
0.005973117600000001 0.023541014 0.22757087
0.006002925 0.023556351 0.22756838999999998
0.005959907899999999 0.023574101 0.22754851
0.006019868 0.023556257000000004 0.22755941000000002
0.0060021604000000004 0.023581469 0.22754183
0.006019766500000001 0.023580084999999997 0.22758886
0.006011271900000001 0.023568469 0.22757071
0.0060317699 0.023567591 0.22757882999999998
0.0060093475 0.023550470999999996 0.22755031999999997
0.0060070303 0.023559067 0.22755331
0.0059876851 0.023544787 0.22754635000000004
0.0059444167999999995 0.023556569000000003 0.22755177
0.0060562866 0.023547173000000005 0.22754649000000002
0.005988379100000001 0.023544499000000003 0.22755595
0.005999853099999999 0.023564381 0.22756499
0.0060244434 0.023585226999999997 0.22757259
0.0060032236000000004 0.023575939 0.22758188999999995
0.0060017881000000006 0.023567294000000003 0.22757207
0.0060115114 0.023564415 0.22757485000000002
0.0059996005 0.023564794 0.22758384
0.0060469299 0.0235626 0.22756911
0.0060483586 0.023557691999999998 0.22757436000000003
0.0060309453 0.023574729 0.22758955999999997
0.0060537017000000005 0.023553315999999998 0.22755935
0.0060139357000000004 0.023551791 0.22754792999999998
0.006012435599999999 0.023569118 0.22756924
0.006013827299999999 0.023551031000000004 0.22756879
0.0060035816 0.023564834 0.22756916
0.0059959608 0.023537518 0.22754477999999997
0.005970102 0.023535387999999997 0.22754854
0.0059654758 0.023534463999999998 0.22753678000000002
0.0059595067 0.023571295 0.2275503
0.0059698217 0.023565103 0.22756911999999999
0.005968574400000001 0.023545961 0.22757562999999997
0.0059625014 0.02355379 0.22757050999999998
0.005975207099999999 0.023553214 0.22759131
0.005972767800000001 0.023549653 0.22757163
0.0059648531 0.023531945 0.22756953000000002
0.005995395400000001 0.023555569999999998 0.22755895999999995
0.006000481300000001 0.02356331 0.22759362000000002
0.005974386 0.023548802 0.22754681
0.0059609425 0.023548032 0.22757912
0.0059462843 0.023548566 0.2275807
0.005984415900000001 0.023539407000000002 0.22754813000000002
0.006015456399999999 0.023534740999999998 0.22756932000000002
0.005961700899999999 0.023535405 0.22755617
0.005976884599999999 0.023532920000000002 0.22757742000000003
0.005941478000000001 0.023534445 0.22756063
0.0059688011 0.023553268 0.2275415
0.0059660000999999995 0.023547802 0.22755204999999998
0.0059313963 0.023529011 0.22756013
0.0059637574 0.023565992 0.22759174999999998
0.0059896132000000005 0.023551473999999996 0.22758892000000003
0.0059537251 0.02355781 0.22760740999999998
0.0060045777 0.023561648 0.22755828
0.005991433599999999 0.023533950000000005 0.22757022999999998
0.0059774007 0.023560778 0.22756567
0.0059721111 0.023550121 0.22757699000000003
0.0059945916 0.023564303 0.22755717999999997
0.005989931299999999 0.023558811 0.22757447000000003
0.005988016400000001 0.023568808 0.22757433
0.0059679489 0.023569627 0.22757223000000004
0.0059441026999999995 0.023555018 0.22756720000000003
0.005950204700000001 0.023554499 0.22756027000000004
0.0059696413 0.023555414000000004 0.2275551
0.0059983627999999995 0.023558564999999997 0.2275697
0.0060023611 0.023568889 0.22757682999999998
0.0059899638 0.023556602 0.22758154000000003
0.0060189145999999995 0.023558498 0.22756855000000004
0.006010910300000001 0.023575248 0.22761587
0.006040935 0.023549566 0.22758075
0.0060194403 0.023572584 0.22753688
0.006005658799999999 0.023551304000000002 0.22755718000000003
0.0060320810999999995 0.023586475 0.22756524000000003
0.006016088299999999 0.023559828999999997 0.22755332999999997
0.0059825252 0.023561784000000002 0.22757362999999997
0.0060119822 0.023581611000000002 0.2275846
0.0060053953 0.023567217 0.22757975000000003
0.005985359599999999 0.023552659 0.22757605
0.0060335893 0.023553123 0.22756406
0.0060366189 0.023583936000000003 0.22756458999999998
0.006036609599999999 0.023572834 0.22756615
0.0060117684999999995 0.023590014 0.22756065000000003
0.006039296 0.023582736 0.22755443
0.0060422136 0.023577453 0.22756539999999997
0.0060253892 0.023594574 0.22754417
0.0061008224 0.023600779000000002 0.22758861000000002
0.0060333318000000006 0.023581215 0.22757381
0.006048870400000001 0.023579932 0.22754332000000002
0.006023964500000001 0.023582256 0.22754857
0.006080273499999999 0.023607046 0.22754563
0.0060668831 0.023603075 0.22757674999999997
0.0060512343000000005 0.023582746 0.22757644
0.006063135900000001 0.023586388 0.22758351999999998
0.0060483626 0.023578992 0.22753959999999998
0.0060617417 0.023593675 0.22758385999999997
0.006011131299999999 0.023566468 0.22758741000000002
0.0060090342 0.023555715 0.22757495999999997
0.006027063700000001 0.023582824 0.22756548999999998
0.0060183873 0.023562083 0.22758323000000003
0.0060261343 0.023574084000000002 0.22757112999999998
0.0060355231 0.023578414 0.22756342999999996
0.006026284 0.023556690999999998 0.22757838000000002
0.0060240474 0.023559346 0.22758373999999998
0.0060174984 0.023562866000000002 0.22754756
0.006064499100000001 0.023570364 0.22755177
0.0060345413 0.023565734999999997 0.22755951000000002
0.006026527699999999 0.023566626 0.22757199999999997
0.0060496864 0.023554851 0.22755858
0.006044752699999999 0.023573714000000003 0.22756400999999998
0.0060206609000000005 0.023571282 0.22756157000000005
0.0060689691 0.023564381000000002 0.22758176999999996
0.0060642756 0.023562737 0.2275287
0.0060544386 0.023555329000000003 0.22755986999999997
0.0060561695 0.023563444 0.22754089000000005
0.006053258299999999 0.023558707999999998 0.22757137999999996
0.0060622449 0.023606084000000003 0.22756615
0.0060429284 0.02358416 0.22756734
0.0060614259 0.023577411 0.22756911999999999
0.006064133100000001 0.023567341 0.22757854999999996
0.006049057900000001 0.023568752000000002 0.22756216999999998
0.0060440952 0.023565799000000002 0.22755883999999998
0.006045444400000001 0.023567671000000002 0.22757514000000004
0.006041917799999999 0.02357952 0.22757288999999997
0.0060439343 0.023556541000000004 0.22757187
0.0060518116 0.023550480000000002 0.22756803000000003
0.006013952 0.023570897 0.22756057000000002
0.006051787 0.023542896 0.22759523
0.006046235 0.023578540000000002 0.22756239000000003
0.006018551400000001 0.023572086 0.22757076
0.0060404944000000006 0.023547879 0.22757239
0.005957927900000001 0.023543139999999997 0.22753277
0.0059893952 0.023545041 0.22755392999999996
0.0059524159 0.023561787 0.22757009999999997
0.005981734599999999 0.02353924 0.22753562
0.0060081263 0.02356304 0.22752992
0.005965890299999999 0.023546979 0.22755487999999996
0.006027107200000001 0.023542302 0.22753929999999997
0.005994464 0.023550143000000003 0.22757031
0.0060144758 0.023534054000000002 0.22755068
0.0059978462 0.023536237999999998 0.2275293
0.0059749998 0.023538634 0.22753584000000004
0.0059958389 0.023539555 0.22759873000000003
0.005972336899999999 0.023540271 0.22756687999999997
0.0059955118000000005 0.023522059 0.22759407999999998
0.0059783862 0.023532118999999997 0.22755602000000003
0.005989477700000001 0.023525650999999998 0.22759377999999994
0.005991790000000001 0.023551973 0.22756557000000002
0.006014521100000001 0.023555714999999998 0.22755799
0.0059962987 0.023527348999999996 0.22753610999999996
0.0059667198 0.02353819 0.22755619
0.006019192299999999 0.023565805 0.22756946
0.0060157413 0.023569806 0.22757758
0.0059992262999999995 0.023551805999999998 0.22759592
0.0060037743000000005 0.023563979 0.22754508999999995
0.005974221300000001 0.023571578000000003 0.22754694
0.0060144715 0.02355594 0.22754561999999998
0.005969352200000001 0.023534192 0.22756105999999998
0.0060120937 0.02356618 0.22756905000000005
0.0060115694 0.023549125 0.22755257999999995
0.0059917551 0.023545198000000003 0.22758154000000003
0.005980382100000001 0.02355405 0.22756523
0.0059719152 0.023552213999999995 0.22756234000000003
0.0059754144 0.023540075 0.22754933000000005
0.005989382499999999 0.023538044 0.22757001
0.0060107002 0.023565425 0.22757261
0.0059646287 0.023551211000000002 0.22756907
0.0060090575 0.023565193 0.22755332
0.0060632413 0.023564646 0.22755969
0.006007448699999999 0.023553216 0.22758054
0.0060554537 0.023549261 0.22758919
0.0059715856 0.023570101 0.22756422
0.006037012100000001 0.023550674 0.22756916
0.0060065505 0.023555523000000002 0.22756981
0.0060001484 0.023579535 0.22754781999999998
0.0060529039 0.023580595000000003 0.22760039999999998
0.0059985974 0.02356138 0.22756247
0.0059997511 0.023550523 0.22756361999999997
0.0059942329 0.023552468 0.22755922
0.006000941899999999 0.023542679 0.22759333
0.0060140047000000006 0.023570073 0.22756031999999998
0.006005446400000001 0.023567936 0.22757405999999997
0.005993822099999999 0.023552814999999998 0.22757301000000002
0.005951450800000001 0.023574437999999996 0.22759080000000004
0.0060151983 0.023569604 0.22757371
0.005985866300000001 0.023587326999999998 0.22757449999999996
0.0060045307 0.023565402 0.22759283
0.0059851621 0.023568793999999997 0.22758154000000003
0.0059887084 0.023540846 0.22757407999999998
0.0059446698999999995 0.023554613000000002 0.22753419999999996
0.0059681869 0.023557012 0.22756455
0.0059859536 0.023541333 0.22754417
0.0059870316000000005 0.023541865000000002 0.22757362999999997
0.005984464700000001 0.023544629000000004 0.22757744
0.006003332199999999 0.023554817 0.22757717
0.0060145233 0.023549148 0.22754134
0.00598535 0.023528544000000002 0.22757873
0.005994006 0.023513168999999997 0.22754860999999998
0.005989008199999999 0.023534505 0.22757970999999996
0.005950403 0.023537912 0.22756645000000003
0.0060040041 0.023557098 0.22755983
0.0059853007 0.023567822 0.22755907
0.0059777801999999994 0.023531665 0.22756664999999998
0.005985104100000001 0.023523643 0.22756336
0.005980356500000001 0.023544174999999997 0.22758976999999997
0.005986488400000001 0.023543508 0.22755207
0.0059860625 0.023536571 0.22754297
0.0059483074 0.023535300000000002 0.22758851
0.0059693925 0.023522550999999996 0.22754517999999999
0.0059573948 0.023543704999999998 0.22756561
0.0059817029 0.02353295 0.22754182999999997
0.0060041348 0.023567779 0.22756979
0.005978740199999999 0.023545966 0.22758794
0.0060083675 0.02355901 0.22757774
0.0060158488 0.023532538 0.22760016999999996
0.005937347900000001 0.023557100000000004 0.22756989
0.0059994908 0.023541516 0.22756539
0.0059390904 0.023570874999999998 0.22755728000000003
0.006027531000000001 0.023567024 0.22756117999999997
0.0060234563 0.023547375 0.22757940000000004
0.005990596 0.023583817 0.2275839
0.0060170236 0.023581432000000003 0.22758741
0.0060131622 0.023583916000000003 0.22758289999999998
0.006029270599999999 0.023575693 0.2275717
0.0059871665 0.023556184 0.22759027
0.0059915838 0.023562208 0.22757759000000002
0.0059748195999999995 0.023541267999999997 0.22757155
0.0059653823000000005 0.023541977999999998 0.22756403
0.0060048097000000005 0.023536632999999998 0.22757033
0.0059842149 0.023551999999999997 0.22755951999999996
0.0059846553999999995 0.023568705000000002 0.22759535
0.006032933 0.023552241999999998 0.22755673999999998
0.005979147799999999 0.023538161 0.22755235000000001
0.0059965439 0.023580378 0.22758594
0.0059764868 0.023538649000000002 0.22757590000000003
0.0059541597 0.023540933 0.22757106
0.0060026854 0.023536577 0.22756707
0.005970771299999999 0.023555548 0.22755008999999998
0.005982144399999999 0.023548692000000003 0.22757307
0.0059869636 0.023566435 0.22754877
0.0060258544 0.023572301 0.22756663000000002
0.005974480700000001 0.023545603 0.22755677999999996
0.0059797988 0.023560701 0.22758321
0.0060100445 0.023579632 0.22752422
0.005989596799999999 0.023559821 0.2275452
0.0059736271 0.023555251 0.2275681
0.0059716921 0.023565042 0.22756678000000002
0.0059802261 0.023555534 0.22759150999999997
0.0059738227 0.023560958 0.22757263
0.0059396203 0.023551764999999995 0.22757617999999996
0.005990624800000001 0.023561735000000004 0.22754902999999999
0.0059969143 0.023568732000000002 0.22754910000000006
0.0059713674 0.023557786 0.22757022
0.005956097799999999 0.023567165 0.22754115000000003
0.0059652682 0.023548433 0.22755514999999998
0.0059384236 0.023564092000000002 0.22755902999999997
0.005935960299999999 0.023560191 0.22757275
0.0059145147 0.023560779 0.22758606
0.005966950100000001 0.023573552 0.22757719
0.0059607172 0.023551388 0.22755894000000004
0.0059790323 0.023562143 0.22756178
0.0059704665 0.023557591 0.22756734000000006
0.005955965299999999 0.023565163 0.22756898000000003
0.005977930300000001 0.023558985999999997 0.22757592000000004
0.0059990425 0.023579421999999996 0.22761941000000005
0.0059844773 0.023555891000000002 0.22757704999999998
0.0059718406 0.023549894999999998 0.22756234000000003
0.005962519099999999 0.023554166999999997 0.22757472
0.005967014200000001 0.023537355 0.22757475
0.005919952 0.023539414 0.22757856999999998
0.005925913100000001 0.023520496000000002 0.22756426000000002
0.0059445923999999995 0.023540694999999997 0.22755248
0.0059395 0.023538094000000002 0.22754517999999999
0.0059076184 0.023530486 0.22756825000000003
0.0059329027 0.023520616 0.22754971
0.0059403533 0.023542043999999998 0.22757057
0.0059285891 0.023527951 0.22754595000000002
0.005929904500000001 0.023567447999999998 0.22753973
0.005969401300000001 0.023555991999999998 0.22755132000000003
0.005983218300000001 0.023556932 0.22757511999999996
0.0059372825 0.023588667999999997 0.22756784000000002
0.0060433787 0.023556930999999996 0.22756431
0.0059689449 0.023552996 0.22755834999999996
0.0059320603 0.023574936999999997 0.22755698
0.0059759285 0.023552171 0.2275474
0.005985291799999999 0.023568497 0.22755799
0.005985308399999999 0.023580674 0.22757623999999996
0.006039720099999999 0.023586012999999996 0.22757527
0.005971035999999999 0.023559891000000003 0.22757599
0.005980508399999999 0.023585431999999996 0.22758843000000004
0.0059947657 0.023553973 0.22758591999999997
0.0059719096 0.023574251999999997 0.22757246000000003
0.0059955104 0.023568732 0.22757826999999997
0.0059814578 0.023553365000000003 0.22755398999999996
0.0060297115 0.023577331 0.227576
0.0059831897000000005 0.023555775 0.22758759999999997
0.0060038961 0.023573539 0.22758486000000003
0.0059165382 0.023556827 0.22755588
0.0059496451 0.023552227000000002 0.22755843000000003
0.0059258135 0.023543043000000003 0.22754574
0.005963751000000001 0.023545932000000002 0.22757168
0.005969018600000001 0.023554526 0.22757382999999995
0.0060331025 0.02356225 0.22755342
0.005989192799999999 0.023558498 0.22754895999999997
0.005977682 0.023541575999999998 0.22755912
0.0059939174 0.023539512999999998 0.22755909000000002
0.0059823289 0.023544724 0.22756092
0.0059720453 0.023532984 0.22757977000000004
0.0060039238 0.023550892999999996 0.22757284000000003
0.0059695883 0.023557285 0.22758966999999997
0.0059679496 0.023554335000000003 0.22754138999999998
0.005955861599999999 0.023571889 0.22753994000000005
0.006012617699999999 0.02356551 0.22754698999999995
0.0060069057 0.023567321 0.22758627000000003
0.006020707499999999 0.023568673000000002 0.22756194999999999
0.0059930842 0.023562917000000003 0.2275505
0.006053770399999999 0.023583167999999998 0.22759039999999997
0.006011282299999999 0.023580807 0.22757820000000004
0.0060611468 0.023577451000000003 0.22753928
0.0060524092 0.023606824000000002 0.22757299
0.0060251931 0.023587376000000004 0.22755907999999997
0.0060401005 0.02357476 0.22756042
0.006044148000000001 0.023588882 0.22755961
0.0060764987 0.023581914000000002 0.22758224999999999
0.0060180285 0.023577232 0.22755930000000002
0.006061102600000001 0.023575583 0.22755848000000004
0.0060344542 0.023579541 0.22756876999999998
0.006007170499999999 0.023582948 0.22756493000000005
