0.0060145106 0.023535687 0.22753666
0.0060607053 0.023554012 0.22757937
0.0060079985 0.02354503 0.22754727
0.006038131499999999 0.023544511 0.22753631
0.0059674032000000005 0.023558782 0.22754425
0.0060005156999999995 0.023528982999999996 0.22757571
0.0060357715 0.02356159 0.22758108
0.0060437374000000006 0.023554132 0.22755540000000002
0.0059752685 0.023551274999999997 0.22757285
0.006012016 0.023554936 0.22756674999999998
0.0059787843 0.023542668999999995 0.22755661999999996
0.0060130334 0.023565471999999997 0.22757637000000003
0.0059966585 0.023546189000000002 0.22752857999999998
0.005982975 0.023541476 0.22758025
0.005978354 0.023535244 0.22754387
0.0060225101 0.023527684 0.22755709
0.005987822299999999 0.023544109 0.22756908
0.006018964700000001 0.023531484999999998 0.22757736000000003
0.005972890199999999 0.023550072999999998 0.22757924
0.0059798038999999996 0.023553631000000002 0.22754216
0.0059843898 0.023542627 0.22754738999999996
0.0059855315 0.023535156 0.22755693000000005
0.0059860278999999995 0.023542064 0.22757182
0.0059887517 0.023545129 0.22760030000000003
0.0059793104 0.023552324 0.22754709
0.005934897999999999 0.023513376 0.22753375999999997
0.005955113000000001 0.023546398 0.22755723
0.005999429799999999 0.023530953 0.22754855999999996
0.0059720436 0.023545163 0.22757109
0.0059999343 0.023554263 0.22754436
0.0059784619999999995 0.023541506 0.22756596999999998
0.006003011900000001 0.023539659 0.22756142000000001
0.005985613900000001 0.023562928 0.22757059000000002
0.0059607538 0.023561114 0.22757465
0.0059703628 0.023528331000000003 0.22753297
0.0059738632 0.023538311 0.22758059
0.0059936391 0.023514633 0.22756227000000004
0.0059656108999999995 0.023522988 0.22757002
0.0059408556 0.023527658 0.22755848999999997
0.0059766248 0.023537829 0.22755597
0.0059754446 0.023536881 0.22755938999999997
0.005968148800000001 0.023545389999999996 0.22756201000000004
0.0060130659000000005 0.023544715 0.22755075000000002
0.0059682217 0.023551744 0.22755635000000002
0.0059672522 0.023539138 0.22756031000000002
0.00601634 0.023538947 0.22757539
0.005947385299999999 0.023531764 0.22756996
0.0060241508 0.023544956 0.22755779
0.0059829018 0.02352306 0.22756970999999998
0.0059898231 0.023544845999999998 0.22757812
0.0059653161000000005 0.023562555000000002 0.22755489
0.0059863872 0.023537667 0.22752335
0.0059485126 0.023538907 0.22759838999999998
0.0059484245 0.023524838000000003 0.22756812
0.005968247 0.023532107 0.22758968999999998
0.0059660699999999995 0.023564535999999997 0.22756182999999996
0.0059548261 0.023523654999999997 0.22756058
0.0059925746 0.023551448 0.22757017000000004
0.0059874053 0.023546234 0.22755912
0.005938902 0.023524550999999998 0.2275534
0.0059809556 0.023568771 0.22755998999999996
0.0060172977 0.023536597 0.22754167
0.005974437000000001 0.023547044 0.22757033
0.005938331799999999 0.023548475 0.22756107999999994
0.0059524167 0.023538482 0.22755955
0.0059882216 0.023551345999999997 0.22755004999999998
0.0059782279 0.023561400000000003 0.22756544
0.005991274100000001 0.023551337 0.22757307999999998
0.005979879400000001 0.023560958 0.22754824
0.005995062800000001 0.023564138000000002 0.22755474000000003
0.006000913700000001 0.023543787 0.22756048999999998
0.006039178899999999 0.023543429 0.22756644
0.0060359776 0.023580825 0.22756389000000002
0.006006699800000001 0.023577359 0.22756768000000002
0.0060378006 0.02359013 0.22756194000000002
0.0060168871 0.023595597000000003 0.22756926000000002
0.0060413082 0.02360056 0.22755523000000002
0.0060545592 0.023592159 0.22755838
0.0060423806 0.023593193000000002 0.22758378
0.006011161100000001 0.023588796000000002 0.22757314
0.0059890697 0.023577736 0.22760921
0.006022313 0.023576931 0.22755750999999996
0.006034138499999999 0.023605102 0.22758762999999999
0.0059846816 0.02358525 0.22757518999999998
0.006019216500000001 0.023581123 0.22757100000000002
0.0060742473 0.02358868 0.22756321000000002
0.0060405834000000005 0.023601101999999995 0.22758463999999998
0.0059762385 0.023594493 0.22757338000000002
0.0060278799 0.023608925 0.22757102999999995
0.0060417129 0.023595551000000003 0.22758794999999998
0.0060442582 0.023584219 0.22757535
0.0060139803 0.023585789000000003 0.22757209
0.0060382798 0.023570809 0.22757537
0.0060303596 0.023584879 0.22756718
0.0060060675 0.023560881 0.22757006
0.0060260949 0.023581689 0.22757876999999999
0.0060459831 0.023595437000000004 0.22756141999999996
0.006024991800000001 0.023594947 0.22757378
0.006045936599999999 0.0235786 0.22755108999999996
0.0060659992 0.023610796 0.22758961000000003
0.006051326700000001 0.023595559999999998 0.22757847
0.0060407182000000005 0.023593994 0.22756118
0.006075100499999999 0.023579824 0.22758860000000003
0.006025607300000001 0.023585477 0.22757714999999998
0.0060514052 0.023604906999999998 0.22757888000000004
0.0060327809 0.023580908 0.22758622
0.006056844400000001 0.02360601 0.22757051
0.006001258800000001 0.023576374000000004 0.22757326
0.006050415200000001 0.023587461 0.22757229999999998
0.006103104600000001 0.023574979000000003 0.22758541999999998
0.0060195548 0.023578217000000002 0.22755166
0.0060141481 0.023575296000000003 0.22756756
0.006032392199999999 0.023573654000000003 0.22756753999999998
0.0060322965 0.023566787 0.22759102000000003
0.006053740100000001 0.023593319 0.22755104000000004
0.006091773500000001 0.023574579000000002 0.22759287
0.0060670329 0.023579142999999997 0.22757201
0.006072664199999999 0.023578599 0.22758095000000003
0.0060100875 0.023577328 0.22757373999999997
0.0060274161 0.023569835 0.22758878999999999
0.0060063674000000004 0.023585202 0.22755799
0.0060470947 0.023555029999999998 0.22758256000000002
0.0060400404 0.02356131 0.2275316
0.006071552500000001 0.023572950000000002 0.22756830000000003
0.006051962199999999 0.023562081999999998 0.22757119
0.006082572 0.023578506 0.22756607
0.006064141 0.023593527000000003 0.22759261999999997
0.006044147 0.023586911999999995 0.22757502000000002
0.006078611400000001 0.02358118 0.22759129000000003
0.0060300948 0.023596457999999997 0.22758108999999999
0.0059986523 0.023574157000000002 0.22754071000000003
0.006054945799999999 0.023571039999999998 0.22757651
0.0060433884 0.023592478 0.22757169
0.0060435487 0.023594344 0.22756138999999997
0.0060487205 0.023578481 0.22756780000000001
0.006087382600000001 0.023587604 0.22755664000000003
0.0060791286 0.023579734999999998 0.22755659
0.006040246000000001 0.023601288 0.22754818000000002
0.0060645416 0.023575824 0.22756378000000002
0.0060687708 0.023564156000000003 0.22754832
0.0060552103 0.023570889 0.22752339
0.0060622945 0.023581001 0.22755876000000003
0.0060629073999999995 0.023573167000000003 0.2275411
0.0060491141 0.023585364 0.22756903999999997
0.006072293099999999 0.023594756 0.22755485000000003
0.0060467722 0.023584443000000004 0.22756656999999997
0.006059634499999999 0.02357494 0.22756041000000002
0.006041508399999999 0.023587721 0.22753195
0.0060525864000000006 0.02359337 0.22755849
0.006072253099999999 0.023577814999999995 0.22757104999999997
0.006077972 0.023605815999999998 0.22757875000000002
0.0060611545 0.023599631000000003 0.22758546000000002
0.006064822499999999 0.023592901 0.22756885
0.006038958700000001 0.023560416 0.22757233000000002
0.0060382397 0.023567384 0.22757532
0.006062559299999999 0.023564044999999995 0.22756382
0.006065724999999999 0.023600957 0.2275582
0.0060467126 0.023592059000000002 0.22757431
0.006071491300000001 0.023592632000000002 0.22760276
0.0060968402 0.023579871999999998 0.22753669999999998
0.0060545838999999995 0.023584853 0.22757269
0.0060556917 0.023599546000000002 0.22754706000000002
0.0060650574 0.023593683999999997 0.22756108
0.0060908576 0.023591723 0.22756216
0.006094305699999999 0.023591809999999998 0.22754227999999999
0.0060675778 0.023593394 0.22755039
0.0060339611000000005 0.023598932 0.22757901
0.006123689 0.023589828 0.22755553
0.0060535139 0.023568508999999998 0.22757024
0.0060776223 0.023567523000000003 0.22754707999999998
0.0060438742 0.023580141000000002 0.22754007999999998
0.0060815583000000005 0.023590656999999998 0.22757560999999998
0.0060449444 0.023567651999999998 0.22754536
0.006027027999999999 0.023566902999999997 0.22755766
0.0060029068 0.023563925000000003 0.22755340000000004
0.0060222499 0.023557909999999998 0.22758027999999997
0.0060186514 0.023555299 0.22756888000000003
0.0059799692 0.02356383 0.22757497999999998
0.0060177268 0.023560888999999998 0.22757520000000003
0.0060167037 0.023573903 0.22755072999999998
0.0060105853 0.023547500000000006 0.22756166000000003
0.0060539733 0.023571316999999998 0.22754716000000003
0.0059899637999999995 0.023565915 0.22756189999999998
0.006019022000000001 0.023561691000000003 0.22755018000000002
0.006006286099999999 0.023562828 0.22753305
0.0060075153 0.023567609 0.22756895
0.0060133381 0.023543934 0.22757087
0.0059993211 0.023570163999999998 0.22756529999999997
0.0059901491 0.023567323999999997 0.22759722
0.0059879050999999996 0.023555498 0.22756902
0.0059825332 0.023560320000000003 0.2275662
0.0060011269 0.023557687 0.22758718
0.0059616656999999995 0.023553947999999998 0.22756349
0.0060032174 0.023552018 0.22755520999999995
0.0059504592 0.023553769999999998 0.2275494
0.005989398700000001 0.023578189 0.22757149999999998
0.005995681 0.023555244 0.22754121
0.006005251299999999 0.023582513 0.22757944000000002
0.006035315899999999 0.023558104000000003 0.22758786999999997
0.0059936171 0.023566466999999997 0.22761342
0.0059706243 0.023569035 0.2275709
0.006052088299999999 0.023557316000000002 0.22755598
0.0060259413000000005 0.023577121 0.22759261000000003
0.0059980558 0.023566084 0.22756081
0.0060459183 0.023574207999999996 0.22755094000000003
0.0060660055 0.023561629 0.22755369
0.006060066 0.023563354 0.22755632
0.0060529221 0.023587311 0.22754673000000003
0.00604123 0.023567073 0.22755025
0.0060537095 0.023573231 0.22756743
0.006076259 0.023576654 0.22758478000000001
0.006038118800000001 0.023570147 0.22758403
0.0060556031 0.023573796 0.22757649
0.0060591424 0.023603738000000003 0.22754231000000003
0.006085942 0.023553002000000003 0.22756728999999995
0.0060112513 0.023570930999999996 0.22759221999999996
0.0060455606 0.023548132 0.22755962000000002
0.006020692899999999 0.023556928 0.22758167
0.006024131300000001 0.023564524 0.22755942
0.0060849539 0.023577466999999998 0.22755304999999998
0.006037873000000001 0.023584585999999998 0.22754888
0.0060785501999999995 0.023570017999999998 0.22754317
0.0060279497 0.023567521 0.22756002999999997
0.0060123253 0.023564578 0.22755132000000003
0.0060265784 0.023570345 0.22754013
0.006080091100000001 0.023550574 0.22757687
0.0060399845 0.023565364999999998 0.22755901
0.0060741809 0.02354444 0.22758725000000002
0.006053553000000001 0.023573129 0.22758884
0.006017312299999999 0.023590952 0.22757468000000003
0.0060294285000000005 0.023567627 0.22759290000000001
0.0060387465999999996 0.023580985000000002 0.22756618
0.006038257 0.023585942000000002 0.22756911999999999
0.0060867981000000005 0.023590488 0.22756760999999998
0.006062449099999999 0.023579891999999998 0.22758457
0.0060814559 0.023578495999999997 0.22754829000000001
0.0060577137 0.023590738999999996 0.22756083000000005
0.0060645255 0.023583489 0.22753446
0.0060598949 0.023573226 0.22757761000000004
0.0060201192 0.023579102999999997 0.22756049000000003
0.00608834 0.023578246999999997 0.22754974000000003
0.006043854499999999 0.02358383 0.22757557000000003
0.006036513699999999 0.023569093 0.22758054
0.006024866 0.023565288 0.22757433
0.0060445282000000005 0.023568149 0.22757010000000003
0.0060271540999999994 0.023558711 0.22756114
0.0060399211 0.023567898 0.22756488
0.0060195986 0.023569139 0.22756466999999997
0.005995522099999999 0.023532164 0.22756169
0.0060432934 0.023567821 0.22756511000000001
0.0060332093 0.023558817 0.22755501000000003
0.006008843099999999 0.023571085999999998 0.22755274
0.0060466565 0.023552187 0.22757787000000002
0.006016437299999999 0.023550275 0.22758586000000003
0.0060455247999999994 0.023554824 0.2275694
0.006036014 0.023558306999999997 0.22756746
0.0060406638 0.023553676000000003 0.22759523
0.0060006478 0.023573199000000003 0.22759594
0.0060020373000000005 0.023568811 0.22753489
0.0060485517 0.023568452 0.22752066
0.006030685800000001 0.023538741 0.22758357
0.0060290775 0.023547034 0.22754343999999999
0.0060564391 0.023552799000000003 0.22756458
0.0060209522000000005 0.023568524 0.22753331000000002
0.006058099799999999 0.023562149 0.22754643999999996
0.0060410561 0.023582712 0.22756466999999997
0.006005954899999999 0.023544805 0.22755251000000004
0.006029981300000001 0.023570292000000003 0.22753070000000003
0.0060309943 0.023560820000000003 0.22757584
0.0060869293 0.023543467 0.22757569000000002
0.0060125274 0.023561817 0.22754528999999998
0.0060778502 0.023540315 0.22753170000000003
0.006015274100000001 0.023532489 0.22755998000000002
0.0059944305 0.023549626999999997 0.22757128999999998
0.006058543499999999 0.023553838 0.22755136
0.0060308601 0.023558219999999998 0.22755267000000004
0.006005794199999999 0.023565202 0.22755369
0.0059951075 0.023574980000000002 0.22756482
0.006053188999999999 0.023556019 0.22756417
0.0060165457000000006 0.023553267 0.22756754999999998
0.0060534378 0.023537958000000005 0.22756578
0.006035400599999999 0.023573374 0.22755877
0.006081621099999999 0.023555592 0.22755625000000004
0.0060225086 0.023580784 0.22753882
0.0060457753 0.023564873 0.22755313
0.006071011899999999 0.023579809 0.22756724
0.0060331028 0.023576909 0.22754929000000002
0.0060355996 0.023576908 0.22756087999999997
0.0060919093 0.023571284999999997 0.22756000000000004
0.0060653683 0.023585031 0.22755471
0.006025606899999999 0.023580499 0.22754384
0.0060859686 0.023602866 0.22756216
0.006066542300000001 0.023593404000000002 0.22757491999999999
0.0060411514 0.02358939 0.22757891999999996
0.006067246500000001 0.023611331000000003 0.22757686999999996
0.0060162402 0.023602165 0.22754969000000003
0.0060438249 0.023572528000000002 0.22759237999999998
0.0059901015 0.023594280000000002 0.22758491999999997
0.0060181451 0.023573874 0.22755729000000002
0.005988788 0.023575055 0.22758599
0.0060202064 0.023555457 0.22755566
0.006002131400000001 0.023556704999999997 0.22757595999999997
0.006012788199999999 0.023573405 0.2275717
0.005986553900000001 0.023575393 0.22757636999999997
0.0059789053 0.023565322 0.22759374999999998
0.0060203709000000005 0.023562401 0.22757946999999995
0.0059898525 0.023567926000000003 0.22756905
0.0059727493999999996 0.02356829 0.22758003
0.0060346157 0.023553494 0.22759605999999993
0.0060029971 0.02357791 0.22759027999999998
0.0060166642 0.023566739 0.22756044000000003
0.0059959366 0.023569835 0.22758022000000003
0.0060206125 0.023555491 0.22754761
0.006033097 0.023586378999999998 0.22757152000000005
0.005973430099999999 0.023573666 0.22757406000000002
0.0060101684 0.023572009 0.22758295
0.0060142072 0.023553004000000002 0.22753751000000003
0.005956994 0.023576172 0.22756196
0.0059380310999999995 0.02358399 0.22755801999999997
0.0059513681999999995 0.023573154 0.22756733
0.005938698599999999 0.023556752 0.22758443999999994
0.0059802257 0.023534569999999998 0.2275491
0.0059641551 0.023538238 0.22756902
0.005963237000000001 0.02358156 0.22756630000000003
0.006002849700000001 0.023586456 0.22759907999999998
0.0059903366 0.023563624 0.22757488999999995
0.0059709064 0.023555430999999998 0.22757277999999997
0.0059488659 0.023571337 0.22755613000000002
0.0059788644000000005 0.023550544 0.22755738
0.0059939934 0.023550354000000003 0.22756762
0.0059873443 0.023556030999999998 0.22757118000000004
0.0059660457 0.023545864000000003 0.22758275
0.005998842399999999 0.023542748 0.22757141
0.0060016151000000005 0.023576382 0.22758105000000003
0.0059932746 0.023579725 0.22756701000000001
0.0060524431999999986 0.023559793000000002 0.22755672
0.005993208000000001 0.0235597 0.22757424999999998
0.0060030904 0.023556808000000002 0.22758344
0.0060241641999999995 0.02355529 0.22758328
0.0060341499 0.023570742 0.22757309
0.0060183645 0.023559647 0.22759641
0.0060255361 0.023582061 0.22756181
0.0060377078 0.023572746 0.22756947999999996
0.0060075163 0.023574848000000002 0.22758190999999997
0.0059925726 0.02356573 0.22755381999999996
0.0060835604 0.023581409 0.22758100999999997
0.006051192799999999 0.023569212 0.22755361999999998
0.006056804600000001 0.023568523 0.22755768
0.0060647175 0.023564987 0.22758499999999998
0.006012197899999999 0.023580556 0.2275681
0.006009711 0.023562923 0.22757085999999999
0.0059881131 0.023550864999999997 0.22756327
0.0060375294 0.023553477 0.22756698000000003
0.006014680600000001 0.023576678 0.22754894
0.0060444450999999995 0.023572410999999998 0.22756428999999997
0.0059951572 0.023566265 0.22756895
0.0059947445 0.023550498 0.22756091
0.005990813300000001 0.023553308 0.22755592
0.0059607678999999995 0.023546951 0.22754695999999996
0.0059966125 0.023559609000000002 0.22759638999999998
0.0059844156 0.023559161 0.22756727999999998
0.0060068003 0.023552625 0.22758576000000003
0.0059936825999999995 0.023539951 0.22756714000000003
0.0059676419 0.023536901000000002 0.22755795999999995
0.0059634367 0.023539554 0.22754499
0.005990714 0.023545783 0.227575
0.005994526 0.02355314 0.22754610999999997
0.0060067429 0.023542512999999998 0.22756018
0.0059802711 0.023542095 0.22757620000000003
0.005957333600000001 0.023552993 0.2275618
0.0059942234 0.023538463000000003 0.22756215000000002
0.0059850806000000005 0.023541317000000003 0.2275903
0.005996104600000001 0.02351988 0.22754419
0.005968388 0.023541792 0.22754541
0.0059466808 0.023524841999999997 0.22754231000000003
0.0059972055 0.02354193 0.22758205
0.005976699 0.023535096 0.22756438
0.0059362345 0.023525298 0.22755979
0.0060020351 0.023524177 0.22757014
0.005957357700000001 0.02351851 0.22753532
0.0059697032 0.023548548000000002 0.22754178999999994
0.0059510299999999995 0.02352357 0.22751437000000002
0.0059556511 0.023536284999999997 0.2275452
0.005982686400000001 0.023541949 0.22755735000000002
0.0059726755999999995 0.023542417000000003 0.22755776
0.0060287072 0.023525221 0.22758019000000002
0.005956570499999999 0.023547557 0.22754727999999996
0.005964935100000001 0.023535043000000002 0.22756345999999997
0.0059832497 0.023538737999999997 0.22756617
0.0059700212 0.023549332 0.22756623999999998
0.0059854124 0.023527492999999997 0.2275423
0.005966917 0.023514912 0.22755820999999998
0.005992964999999999 0.02353636 0.22754219
0.0059993875 0.02352243 0.22756866999999997
0.0059621753 0.023519836000000002 0.22756419
0.0059669316 0.023528362 0.22756846
0.0059418643 0.023523641 0.22754347999999996
0.0059414033 0.02353366 0.22756166000000003
0.0059667978000000005 0.023511325 0.22754134
0.0059656553999999995 0.023526626000000002 0.22757303
0.0059885315 0.023524734000000002 0.22756355
0.0059807999 0.023518840000000003 0.22757155
0.0059140873 0.023516425 0.2275529
0.0059944257 0.023530732 0.22756685999999998
0.0059617487 0.023516148999999997 0.22757176
0.0059530451 0.023499982000000003 0.22754329
0.005936714500000001 0.023510499 0.2275836
0.0059505865 0.023503514000000003 0.22754442
0.0059523052 0.023513387 0.2275508
0.0059394069 0.023512376999999998 0.22755032000000003
0.0059291486 0.023498648 0.22755491
0.0059614663 0.023513824 0.22756526
0.0059404151 0.023512666999999998 0.22756903999999997
0.0059570848 0.023500541 0.22753198000000002
0.0059756308 0.023519202 0.22754669
0.0059881885 0.023513844 0.22756743
0.0059793596 0.023541827 0.22755665
0.0059943266 0.023536007999999997 0.22755879
0.0059529704 0.023520435000000003 0.22756046
0.0059473191 0.023514952 0.22753373999999998
0.005987031200000001 0.023519956 0.22754628000000002
0.0059623445 0.023524784 0.22754849
0.0059948337 0.023546856999999997 0.22758875
0.0059813167 0.023536982 0.22755655999999996
0.005995990999999999 0.023577585 0.22758083999999998
0.006003422 0.023547172999999998 0.22756877000000003
0.0060126363 0.023561395000000002 0.22757528000000002
0.0059764423999999995 0.023562504999999997 0.22755308999999996
0.0060117349 0.023565982000000003 0.2275551
0.0060175786 0.023536026 0.22757712
0.0059618247999999995 0.023561210000000003 0.22756331
0.0059379832 0.023545508 0.22756002
0.0059520897000000005 0.0235294 0.22755010000000003
0.005952710700000001 0.02352733 0.22755936999999998
0.0059565977 0.02353721 0.22756341
0.0059647159 0.023529828000000003 0.22757629000000001
0.0059355697 0.023539505 0.22754165999999998
0.0059774713 0.023553437000000003 0.22756267000000002
0.0059429458 0.023533494 0.22756545
0.0059819127 0.023539064 0.22755633
0.0059326369 0.023536159999999997 0.22753631
0.0059291945 0.023540323000000002 0.22756615
0.0059529537 0.023554860999999996 0.2275599
0.005941123100000001 0.023543192000000004 0.22755302000000005
0.0059259207 0.023532142 0.22756927
0.005914730799999999 0.023535025 0.22757950999999998
0.0059447122 0.023526078 0.22755492000000005
0.0059507786 0.023536647 0.22754718999999998
0.0059261991000000005 0.023532902 0.22755491
0.0059261927 0.023522423 0.22756506000000004
0.005930988199999999 0.023529384000000004 0.22753726
0.0059507653 0.023535486 0.22757264
0.005949357000000001 0.023540301 0.22761174000000003
0.0059315500999999994 0.023539876 0.22756232
0.005992698 0.023567169 0.22757671000000004
0.0059401721 0.023549719 0.22758625999999998
0.0059993532 0.023550274 0.22755058999999997
0.0059310592 0.023531909 0.22754434999999998
0.0059341865 0.023533212 0.22756116000000004
0.005958955 0.023534794 0.2275541
0.0059516219 0.023558149 0.22755061000000004
0.005953376000000001 0.023546895 0.22757719
0.005967862900000001 0.023542101000000003 0.22758347999999998
0.0059464333 0.023551879999999997 0.22759448999999998
0.0060006512 0.023552779 0.22756194999999999
0.0060483442 0.023559588 0.22756005000000004
0.006027996600000001 0.023566761 0.22755105000000003
0.0060278564 0.023568390999999998 0.22757647999999997
0.0060181111 0.023546142000000003 0.22755539000000002
0.006006993600000001 0.023582074 0.22758224999999999
0.0060195444 0.023572001000000002 0.22757684
0.006013421200000001 0.023541107000000002 0.22757155
0.0060223523000000004 0.023563945999999995 0.22757595999999997
0.0059764459 0.023570233 0.22759175999999998
0.0060344733999999995 0.023582301 0.2276065
0.006017040100000001 0.023573413999999997 0.22758189
0.0060670784 0.023593533 0.22756574999999998
0.0060584384 0.023611135999999998 0.22758953
0.0060525792999999994 0.023610946 0.22759881
0.006039969900000001 0.023590315 0.22758313000000002
0.0060677803 0.023570287 0.22757959000000003
0.006019587399999999 0.023572158000000003 0.22757359
0.0060246523999999985 0.023555673 0.22758183
0.006022841300000001 0.023572518999999997 0.22755907
0.0060456432999999995 0.023563317999999996 0.22758499
0.0060448294 0.023567456 0.22757702000000002
0.0060450902 0.023576891 0.22756221000000001
0.0059961319 0.023584656 0.22755089
0.0059940847 0.023583591 0.22756161000000003
0.0060198481 0.023573039 0.22754661
0.0059710892 0.023584603 0.2275902
0.0060624965 0.023569499 0.22757424999999998
0.0060238018 0.023573814 0.22755291
0.006039795299999999 0.023581561 0.2275793
0.006041437699999999 0.023589148 0.22758123000000002
0.0060047521 0.023552427999999997 0.22759689
0.0059883716 0.023556540999999997 0.22756684
0.0060039725 0.023581442 0.22759011
0.0060075091999999995 0.023592072999999998 0.22760803
0.005986831599999999 0.023598238 0.22756352999999999
0.006023205500000001 0.023576047000000003 0.22754080000000002
0.006046232300000001 0.023557418000000004 0.22755836999999998
0.0059887086999999995 0.023572147999999998 0.22755958999999998
0.006013452900000001 0.02356777 0.22757750999999998
0.005984389299999999 0.02358956 0.22760288
0.0060546701 0.023601437 0.22757468999999997
0.006053018500000001 0.02358727 0.22758763
0.0060443669000000005 0.02355929 0.22756400000000004
0.0060763386 0.023575893 0.22760401999999996
0.0060440616 0.023576811999999996 0.22760056
0.0060380228 0.023578994 0.22755999999999998
0.006005689099999999 0.023570342 0.22757569000000002
0.0060127479 0.023582624000000003 0.22755728000000003
0.0059731378 0.023584189000000002 0.22755915
0.0060110315 0.023583325999999998 0.22756124
0.006003163800000001 0.023557012999999998 0.22756482
0.0060591964 0.023573484000000002 0.2275276
0.006035843 0.023565514000000003 0.22755768999999998
0.0060144644999999995 0.023572113 0.22755353
0.006034962499999999 0.023560773 0.22757957
0.0060134272 0.023563791999999997 0.22757648000000003
0.0060637646 0.023558236000000003 0.22758873
0.0060312931 0.023572526 0.22757588999999995
0.006073682799999999 0.02356881 0.22758484
0.0060380330999999995 0.023560941000000002 0.22756158
0.006072101599999999 0.023548761999999997 0.22754146000000003
0.0060267778 0.023557394000000002 0.22757188
0.0060577623 0.023562316 0.22758697999999997
0.006029135600000001 0.023560193 0.22754519
0.0060071319 0.023550828000000003 0.2275613
0.0060006734 0.023580048000000003 0.22756363
0.00602918 0.023555981999999996 0.22754235
0.005977154199999999 0.023565424 0.22756846
0.006068687800000001 0.023562381 0.22758950000000003
0.0060259717 0.023549242000000005 0.2275436
0.0060434263999999994 0.023554978 0.22756815000000002
0.0059974374 0.023545893000000002 0.22756133000000003
0.0060164598 0.02356317 0.22757817
0.0060581994 0.023561443999999997 0.22756572000000003
0.006012713100000001 0.023566332000000002 0.2275725
0.006021148999999999 0.023572533 0.22758005999999997
0.0060620032999999995 0.023575089 0.22754778
0.006028994500000001 0.023604160999999995 0.22756396000000004
0.006053673900000001 0.023586800999999998 0.22755340999999998
0.006077502699999999 0.023587851 0.22757730999999998
0.0060314417 0.023578751000000002 0.22759157000000002
0.006040334999999999 0.023578532 0.22758428
0.0060409886 0.023576628999999998 0.22755681
0.0060161219 0.023556046 0.22755958
0.0060067295 0.02356332 0.22755408000000005
0.006003597599999999 0.023567359000000003 0.22755598
0.005991478999999999 0.023553183 0.22756189
0.0060288385000000005 0.023570807 0.22757205000000003
0.0060292607000000005 0.023552032 0.2275823
0.006020638900000001 0.023546461999999997 0.22757548999999994
0.0060303065 0.023570851 0.22757939
0.006018499599999999 0.02355019 0.22754607
0.0060074788 0.023563552 0.22757540999999998
0.0060229133 0.023577083000000002 0.22759405
0.0060474871 0.023560339000000003 0.22756549
0.0060077717 0.023551138 0.22755314
0.0059993075 0.023568502999999998 0.22757633
0.0059832962 0.023548094000000002 0.22758228000000003
0.0060178282 0.023583406 0.22758237
0.0060124388 0.023561717 0.22757573999999997
0.0060333552999999995 0.023570400999999998 0.22755775000000003
0.0059910944 0.023570894999999998 0.22759237999999998
0.0060091653 0.023570369 0.2275721
0.005976571600000001 0.023579378999999998 0.22753195
0.0059789319 0.023562568 0.22758501
0.0059806446 0.023537428000000003 0.22757124
0.0060035437 0.023565377999999998 0.22754260999999998
0.0059910525999999995 0.023566734 0.2275347
0.005992756 0.023566702000000002 0.22754648
0.0060017878 0.023570926 0.22758033000000003
0.0059871909 0.023559296 0.22758001
0.0060487566999999996 0.023571193 0.22755622
0.0060020592 0.023583449 0.22757278000000003
0.006044011100000001 0.023579428 0.22757907000000005
0.005993333000000001 0.023583919000000002 0.22756597999999997
0.0060426976 0.023583041 0.2275608
0.0060198071999999995 0.023584177 0.22758099
0.006022275400000001 0.023584062 0.22756266999999997
0.006017729000000001 0.023566564000000005 0.22757885
0.006027875699999999 0.023569689999999997 0.22758548000000003
0.0060130724000000005 0.023560596 0.22757636999999997
0.006001285900000001 0.023553581 0.22758968
0.005989454999999999 0.023544225000000002 0.22755719000000002
0.005960643399999999 0.023578492 0.22755288
0.005985799599999999 0.023559632 0.22756025000000002
0.0059777098 0.023565738000000003 0.22755638000000006
0.005975585299999999 0.023569413 0.22757122999999999
0.0059568261 0.023571903 0.22755085999999997
0.0059511213999999995 0.023565791 0.22756505000000002
0.0060224421 0.023555818 0.22753352000000002
0.0060392829999999995 0.023563286999999995 0.22756535000000003
0.0059883626 0.02354693 0.22757747000000003
0.005949012300000001 0.023562892999999998 0.22755944
0.005949728 0.023546416999999997 0.2275594
0.005945310800000001 0.023560750999999998 0.22756093000000002
0.0059845026 0.023539954 0.22758200999999997
0.006004555 0.023575966 0.22759233
0.005967757299999999 0.023562356 0.22758241999999998
0.0059584114 0.023559036 0.22755162999999995
0.0060333369 0.023576329 0.22755293999999998
0.0059693364 0.023580351 0.22755136999999998
0.0060458334 0.023563136999999998 0.22754258999999996
0.0059879305 0.023575876000000003 0.22755473999999998
0.00597448 0.023580793 0.22756780999999998
0.0060078976 0.023580958 0.22760587000000002
0.0060051345 0.02358814 0.22754229
0.0060194376 0.023557956999999997 0.22756615
0.005996174999999999 0.023602185 0.22762141999999996
0.0059891511 0.023584835 0.22759071000000003
0.0060059308 0.023593504999999997 0.22756537000000004
0.005979493099999999 0.023569993 0.22755825000000002
0.0060068594999999995 0.023571376999999998 0.2275983
0.005966889 0.023560857 0.22755571999999996
0.005997860400000001 0.023583083 0.22756608999999997
0.0060284346 0.023590352000000002 0.22753704
0.0060267816 0.02358325 0.22755616000000006
0.0060247853 0.02354757 0.22756178
0.0060323898 0.023577418 0.22752566999999999
0.0060319033000000005 0.023575251 0.22754807999999999
0.0060658242 0.023549111 0.2275527
0.0060374712 0.023555320999999997 0.22755549
0.0060517662 0.023583682999999998 0.22755799
0.006016420600000001 0.023578615 0.22758050999999999
0.0060338860000000005 0.023582461000000002 0.22758720999999998
0.006049372499999999 0.023594378 0.22754314999999997
0.006114962 0.023565028 0.22755324000000005
0.0060808469999999995 0.023590895 0.22755618000000002
0.006034103599999999 0.023583948999999996 0.22759398000000003
0.0060320827 0.023588359999999996 0.22757687999999998
0.0060409613 0.023582249 0.22759884000000002
0.0060735307 0.023577478 0.22757112
0.006048512399999999 0.023590716 0.22756302
0.0060532125 0.023590886 0.22755177
0.0061013561 0.023576003 0.22757612000000002
0.0060706177 0.023592461000000002 0.22756806000000002
0.0060602325 0.023581456 0.22755808000000002
0.0060326604 0.023571661 0.2275637
0.0061176914 0.023587452 0.2275641
0.006070134699999999 0.023578454999999998 0.22756539999999997
0.0061092096 0.023575723 0.22757929000000005
0.0060382558000000005 0.023576545 0.22757708999999998
0.0060793052 0.023555503999999998 0.22756232999999998
0.0060689356 0.023580418 0.22759219999999997
0.006060652 0.023582874 0.22755621
0.0060742652 0.023592645000000002 0.22758355000000002
0.0060635173 0.023584947999999998 0.22757402999999998
0.0060872152 0.023574020999999994 0.22754583999999997
0.0060459566 0.023577662000000003 0.22752139
0.0060901801 0.023567844999999997 0.22754496
0.006054123599999999 0.023571753000000004 0.22755661
0.006056359900000001 0.023567821000000003 0.22755701
0.0060504567 0.023546571 0.22757014999999997
0.0060582866 0.023562794 0.22757506999999996
0.0060465298 0.023555334000000004 0.22756909999999997
0.006001351099999999 0.023561958 0.22756341
0.005989333899999999 0.023548751 0.22756532
0.0060111207 0.023534713000000002 0.22755422999999997
0.0060114077 0.023531417 0.22757115
0.006013557500000001 0.023535618 0.22755546999999998
0.005983302300000001 0.023534081 0.22755760000000005
0.0059844558 0.023530523 0.22755303999999996
0.0059869056 0.023539993000000002 0.22758815999999998
0.0060024812 0.023560956 0.22756928999999998
0.0059998968 0.023519209000000003 0.22757710999999997
0.006022862 0.023547481 0.22754493999999997
0.0059940424999999995 0.02356111 0.22754159000000002
0.0060124144 0.023533423999999997 0.22753705000000002
0.0060002596 0.023521135000000002 0.22754469000000005
0.0060181641 0.023540977000000005 0.22756797
0.0059995183 0.023535906000000002 0.22756389000000002
0.005974794 0.023525290999999997 0.22757947
0.0060114211999999995 0.023555475 0.22754803999999998
0.006035126599999999 0.023531462999999996 0.22757541000000003
0.0059718712 0.023532696999999998 0.22757825
0.0060206132 0.023560195000000003 0.22757097
0.006010673100000001 0.023539509 0.22757714
0.005986052099999999 0.023528251 0.22756406
0.0059897223999999995 0.023527430999999998 0.22758255000000002
0.0060582836 0.023534211000000003 0.22757091
0.0059888758 0.023545059 0.22757618000000002
0.006027279799999999 0.023515107000000004 0.22756619000000003
0.0060033282 0.023531576 0.22756108
0.0059763080000000005 0.023532219 0.22758487
0.0060073735000000005 0.023521427999999997 0.22756016999999998
0.006010012800000001 0.023548342 0.22757911000000003
0.0059771775 0.023532536 0.22756066000000003
0.0059900766 0.023547353 0.22758258999999997
0.0059959436 0.023548764 0.22755977
0.0059914954 0.023523936 0.22756852
0.0059639878 0.023535838 0.22754807000000002
0.0059936157000000006 0.023548508000000003 0.22753856
0.0059547366 0.023526869000000002 0.22756835999999997
0.0060052225 0.023514349999999996 0.22758364999999997
0.0059721731 0.023533676 0.22757909999999998
0.0059608621 0.023553925 0.22757245999999998
0.0060064365 0.023525256 0.22756437
0.005940708599999999 0.023552924 0.22755807000000003
0.005957754900000001 0.023512454999999998 0.22756483
0.0059546988999999995 0.023531163 0.22755932000000004
0.0059821201 0.023531626 0.22754594000000003
0.0060183508999999994 0.023531808000000005 0.22757252
0.0060290379 0.023536524 0.22758090000000003
0.0060066846 0.023552827999999998 0.22754841999999997
0.0060125261 0.023554969 0.22758875
0.0060201788 0.02353305 0.22753138
0.0060438196 0.02356957 0.2275561
0.0060140924 0.023550249000000002 0.22754904000000004
0.006049464400000001 0.023546464999999996 0.22758984
0.0059539379 0.023552555 0.22757065
0.0060485712 0.023569055999999998 0.22756651999999997
0.00602744 0.023548329 0.22758622
0.0060088258 0.023544658 0.22758166000000002
0.0060118132 0.023551342 0.22757904999999998
0.006004725000000001 0.023546862000000002 0.22754689
0.006005429 0.023534621 0.22756478000000002
0.006021262300000001 0.023541868 0.22758178
0.0060104224 0.023544901 0.22756023
0.0060284927000000006 0.023534001000000002 0.22755076999999996
0.006025815 0.023542114 0.22758014000000001
0.0060194713 0.023540333 0.22755551000000002
0.0060395380000000005 0.023559338 0.22756831000000002
0.0060269018 0.023566905 0.22757749
0.0060193197 0.023554300000000004 0.22755267000000004
0.0060561582999999995 0.023533324 0.22752924000000002
0.0060817018 0.023559697 0.22756933
0.0060534379 0.023553975999999997 0.22756947
0.0060303992 0.023564429 0.2276077
0.0060143722000000005 0.023565261999999997 0.22756548000000004
0.0060145180999999995 0.023530921000000003 0.22756837000000002
0.0060342597 0.023535201 0.22753948
0.006028012000000001 0.023553696000000002 0.22757766
0.006032294 0.023579457 0.22759014
0.006052989599999999 0.023557429 0.22758399
0.0060210408 0.023569558999999997 0.22759815
0.0060876323000000005 0.023568576999999997 0.22757786000000002
0.005990530599999999 0.02354969 0.22756320999999996
0.0060519783 0.023560352 0.22756743999999998
0.0060094961 0.023558000000000003 0.22756088000000002
0.006013186899999999 0.023573442 0.22756925
0.0060438819 0.023549419999999998 0.22759277
0.0060212622 0.023559642 0.22757419000000004
0.0060348382 0.023565561000000006 0.22755923
0.0060226650999999996 0.023543038999999998 0.22756721
0.0059913011 0.023547514 0.2275439
0.006008545299999999 0.023551507 0.22757276
0.0060018777999999995 0.023552438 0.22758481999999997
0.0060418958000000005 0.023554981000000003 0.22755953
0.0060683109 0.023539811 0.22756299000000002
0.0060623698 0.023555592000000004 0.22754134
0.005978347500000001 0.023558994 0.22755217
0.006038116 0.023552237 0.22757953000000003
0.0060111517 0.023586143999999996 0.22755116000000003
0.006093676199999999 0.023577580999999997 0.22758208000000005
0.0060560636 0.023567875 0.22756516
0.0060139937 0.023564368 0.2275765
0.0060574186 0.023558914 0.22755531
0.0059867884 0.02356477 0.22759521
0.0059964907999999996 0.023550395000000002 0.22758419000000002
0.0059822582 0.023566064 0.22758265
0.0059741507999999995 0.023545159 0.22758213
0.0059975274 0.023534907 0.22756452
0.0060033806 0.023569155 0.22757233999999998
0.006013382699999999 0.023561072 0.22758066000000002
0.0060394063 0.023564165 0.22758148
0.0059927666 0.023558187 0.22754865
0.0059794617 0.023551079000000003 0.22756507999999998
0.005969181799999999 0.023554172 0.22755019999999998
0.0060099388000000005 0.023551082 0.22756589
0.005995283799999999 0.023562194 0.22756173
0.0060158241 0.023560576 0.22757730999999998
0.0060280821 0.02355755 0.22755275999999997
0.0060209658 0.023556132 0.22754475999999996
0.0060000328 0.023561336 0.22755707000000003
0.0060198286999999994 0.023551119000000002 0.22757951999999998
0.005996779999999999 0.023542228000000002 0.22755545000000002
0.0059730875 0.023560535 0.22756563999999999
0.0060214792999999985 0.023573503000000003 0.22757327
0.006009758499999999 0.023569529999999998 0.22756830000000003
0.0060270037 0.023566379000000005 0.2275664
0.0060153649 0.023564305 0.22755891
0.0059673969 0.023529949 0.22756197
0.0060157853 0.023554372 0.22756590000000002
0.0059687487 0.023564419 0.22757323999999998
0.0059754155 0.023552493 0.22754737
0.0059855954 0.023564619 0.22755692
0.0060111 0.023545745 0.22759000000000001
0.005996696 0.023554989000000002 0.22755802999999997
0.005972912800000001 0.023559646999999996 0.22755177
0.0060177475 0.023556679000000004 0.22755622999999997
0.005993508 0.023567498 0.22755614
0.0059872549999999995 0.023536824000000005 0.22754421000000002
0.0059999346 0.023566333999999998 0.22758121000000003
0.0060014182 0.023568304 0.22754931000000003
0.0060024759 0.023566006000000004 0.22758205
0.0059975953 0.023566591999999997 0.22757972999999998
0.0060131091 0.023567302999999998 0.22758026
0.0059832421 0.023563412 0.22755396
0.006000582799999999 0.023544352 0.22758474
0.0059994131999999995 0.023563744 0.22757654
0.0059959278 0.023549931000000003 0.2275712
0.0060167884 0.023564027999999997 0.22755490999999997
0.005969845 0.023572631000000004 0.22757115
0.0059866973 0.023563727 0.22756165
0.006013768500000001 0.023578619000000002 0.22756872
0.0060403261 0.02356598 0.2275719
0.0059796268 0.023543333 0.22757128
0.0059983553 0.023541281000000004 0.22755529000000002
0.005991544499999999 0.023544528000000002 0.22755891999999997
0.006016906000000001 0.023567519 0.22754451000000003
0.005999566499999999 0.023559193000000003 0.22755717999999997
0.0060022441999999995 0.023561986 0.22756500000000002
0.0060363247 0.023574231 0.22758534999999996
0.006001210000000001 0.023563704 0.22754762000000003
0.006017886300000001 0.023558763000000003 0.22754672999999997
0.005994587800000001 0.023560015999999996 0.22758224
0.005985669399999999 0.023565711 0.22758532000000004
0.0059888096000000005 0.023547887999999996 0.22753805
0.0060098904 0.023548509 0.22755601000000003
0.006027413399999999 0.023534355 0.22756761
0.006032638299999999 0.023583776999999997 0.22757997000000002
0.0060096496999999995 0.023555943000000003 0.22757597000000002
0.0059828769000000006 0.023574073999999997 0.22756439
0.0060003542 0.023568620000000002 0.22757966999999998
0.0060097712 0.023552671 0.22757686000000002
0.005988353 0.023550364999999997 0.22757468000000003
0.005972516299999999 0.023555204000000003 0.22753642
0.0060099774 0.023555645000000004 0.22754393000000003
0.0059577536 0.02354677 0.22758660000000003
0.0059853436999999995 0.023551858000000002 0.22755568999999998
0.0059680824 0.023534588000000002 0.22755902
0.0059824182 0.023536811999999997 0.22759288
0.0059915166 0.023552858000000003 0.22757522
0.006014058500000001 0.023569903 0.22758936
0.0060327153 0.023563214 0.22759464999999998
0.0060023408 0.023585249999999995 0.22757002
0.0059805854 0.023569289 0.22758735
0.0060164632 0.023577215000000002 0.22756372999999996
0.006026412 0.023557577 0.22756311999999998
0.0060277331 0.023565554 0.22757419999999998
0.0060373767 0.023577745000000004 0.22757265
0.006034168899999999 0.023561783 0.22756753999999998
0.0060169543 0.023571849000000002 0.22755608
0.006034185700000001 0.023581268 0.2275547
0.0059855371000000004 0.02356992 0.22757275999999999
0.0059999984 0.023585722 0.22758457999999998
0.0060100074000000005 0.023564014 0.22759027999999998
0.0060033317 0.023563477 0.22757232000000002
0.0059764058 0.023559619999999996 0.22756158999999995
0.006024185 0.023568401 0.22758483
0.0059970208999999995 0.023554155 0.22758599
0.0060167734 0.023559302999999997 0.2275823
0.0059855696 0.023559315 0.22755013000000002
0.0060108948 0.02356754 0.22756991000000001
0.0059937574999999995 0.023548483000000002 0.2275709
0.0060073511 0.023530946 0.22754021000000005
0.005976832600000001 0.023530722999999996 0.22756252000000005
0.0059591698 0.023537870999999995 0.22758204
0.0059840987 0.023541905 0.22756631
0.0059743107999999994 0.023558766000000002 0.22757544000000002
0.0059380605 0.023540454 0.22758271
0.0059699117 0.023550087000000004 0.22755920999999998
0.0059321891000000005 0.023536084999999998 0.22757149999999998
0.0060029625 0.023551545 0.22757389
0.0059976218 0.023539592 0.22754350000000004
0.0059992746 0.023544515999999995 0.22755888000000005
0.0059269399 0.023551147 0.22758871000000003
0.0059844518 0.023542320000000002 0.22757551
0.005957167300000001 0.023544087999999998 0.22755739999999997
0.0059522748 0.023548694000000002 0.22754402999999995
0.005933027299999999 0.023563417000000003 0.22753166
0.005972713 0.023552461 0.22757796
0.005951946499999999 0.023559356 0.22756584999999996
0.005986886500000001 0.023567553999999998 0.22754428
0.0059965099 0.023566088 0.22758277000000002
0.006006116 0.023555544 0.22756395999999998
0.0060185389 0.023566945 0.22757445999999998
0.0059927617 0.023564170000000002 0.22760494000000003
0.006015382500000001 0.023566717999999997 0.22755397
0.006008977 0.023564806 0.22757568999999997
0.0060475184 0.023554002 0.22756801000000002
0.0059431226000000005 0.023543742 0.22755423000000002
0.0060339868 0.023562384 0.22756088000000002
0.0060460513 0.023561945 0.22756526
0.0060049258 0.023544282000000003 0.22756969
0.0060492858 0.023543577 0.22759541
0.0060276963000000005 0.023554486 0.22756548000000004
0.0060059607 0.023544991999999997 0.22758189
0.0059664659000000005 0.023556960000000002 0.22757988999999998
0.005983026 0.023571370999999997 0.22758431000000004
0.0059987236 0.023530317000000002 0.22755229
0.006004619700000001 0.023550052000000002 0.22756903999999997
0.0060475775999999995 0.023566252 0.2275864
0.0059921259999999995 0.023556706000000004 0.22755550000000002
0.0060022285 0.023566323 0.22755179
0.0059676063 0.023572182 0.22759279999999998
0.006019899099999999 0.023554407000000003 0.22756901000000002
0.0059918478 0.023551173 0.22756883
0.0059822147 0.023546039999999997 0.22755689
0.0059472758 0.023532744 0.22756794
0.005957089 0.023525258 0.2275728
0.0059735688000000006 0.023544896 0.22755903000000002
0.005938615600000001 0.023540888000000003 0.22754818999999998
0.0059551882 0.023548622 0.22756705
0.0059655635 0.023541523 0.22756781000000004
0.0059318319 0.023543469 0.22755533000000003
0.005927885900000001 0.023553558999999998 0.22755313
0.0059469479 0.023540026000000002 0.22758808999999997
0.0059771678 0.02354358 0.22755795
0.0060012126999999995 0.023550202 0.22756659000000004
0.0059913748 0.023558619999999995 0.22757996
0.0059868314999999995 0.023555561 0.22758188000000001
0.0059784297 0.023541298999999998 0.22755056
0.0059741106000000006 0.023549096999999998 0.22757585000000002
0.0060129351 0.023545044000000005 0.22756433999999998
0.0059809928 0.023543517 0.22757089000000003
0.006023825599999999 0.023567576 0.22759025
0.006009921499999999 0.023566467 0.22758561
0.0059968954 0.023552198000000003 0.22757291000000004
0.006036116100000001 0.023563032 0.22759268000000002
0.006044033400000001 0.023573681 0.22755845
0.005998682900000001 0.023560655 0.2275759
0.0060020341 0.023559963 0.22757673
0.0060100664 0.023547347 0.22757455
0.0060278473 0.023546011000000002 0.22754386
0.0060088381 0.023563970999999996 0.22759310000000005
0.0060286424 0.023542269999999997 0.22757932999999997
0.006037848699999999 0.023562442 0.22756434000000003
0.006000084399999999 0.02353835 0.22758008
0.0059839063 0.023556982 0.22758632999999998
0.0059843126000000005 0.023566115000000002 0.22756908999999997
0.0060093364 0.023537686 0.22753076
0.0060242289 0.023539519 0.22753315999999998
0.006009270299999999 0.023536322999999998 0.22754297
0.006006798399999999 0.023544166999999998 0.22756689000000002
0.0060365677 0.023551053 0.22754275000000002
0.0060137059 0.023530294 0.2275795
0.005976257300000001 0.023525769000000002 0.22754791000000002
0.005970545900000001 0.02352466 0.22757215
0.005989366800000001 0.023552977 0.22755641999999998
0.0060128033 0.023564348000000002 0.22756480999999998
0.0060100316 0.023564654999999997 0.22756035
0.0059991220999999996 0.023551818000000002 0.22755078
0.0059909358000000005 0.023565409000000002 0.2275565
0.0060109735 0.023568323999999998 0.22758903000000003
0.0059953799 0.023541265999999998 0.22752308999999998
0.006034021200000001 0.023538524999999998 0.22756701000000001
0.0060458987999999995 0.023555010999999997 0.22756599
0.006018382 0.023572901 0.22758547999999998
0.0060113342 0.023560813 0.22755787
0.0060099019000000005 0.023530727999999997 0.22757188
0.0059860251 0.023545179 0.22759215
0.0059407849 0.023556894999999998 0.22756883
0.0059782564 0.023551311 0.22756334000000003
0.0059640771 0.023531997 0.22756838
0.0059356423 0.023531093999999995 0.22757595000000003
0.005976846700000001 0.023553591999999998 0.22757259
0.0059636692000000005 0.023542223 0.22757773
0.0059997181999999994 0.02352496 0.2275735
0.0059703933 0.023546536 0.22756037999999998
0.005956474200000001 0.023532799 0.22754650999999998
0.0059884538 0.023562623999999997 0.22755576
0.0059679942 0.023529708 0.2275697
0.0059347464 0.023547183 0.22756466
0.0059404263 0.023558441 0.22756616
0.0059973393 0.023549592 0.22755636000000004
0.0059543004 0.023530189 0.22757261999999998
0.0059446103 0.023541216 0.22754939
0.0059815569 0.023544155000000004 0.22757053
0.0059698969 0.023548747000000002 0.22754405000000003
0.0059932898 0.023540301 0.2275181
0.0059831513000000005 0.023544191 0.22753462
0.0059891588 0.023545719 0.22753415000000002
0.005972377900000001 0.023546996000000004 0.22756388999999996
0.0059851745 0.023550144000000002 0.22755630999999998
0.0060313284 0.023530047000000002 0.22758484
0.005964479199999999 0.023528679 0.22755934
0.0059830549000000005 0.023548394999999996 0.22758794
0.005971216200000001 0.023528751 0.22756641000000002
0.005961049500000001 0.023538535 0.22756291
0.0059516553 0.023544457 0.22754606000000002
0.0059310109 0.023524136 0.22754788
0.0059497738 0.023546215 0.22757848999999997
0.0059029067 0.023542665 0.22756495000000002
0.0059590851999999995 0.023541053 0.22757592999999998
0.005952753 0.023532670999999998 0.22758358000000004
0.0059718913 0.023537592000000003 0.22760513000000002
0.0059622663 0.023551393 0.22757451
0.0059159853 0.023545259000000002 0.22758614000000002
0.005973043199999999 0.023537612000000003 0.2275145
0.005956149500000001 0.0235463 0.22757046
0.005997025099999999 0.023546992 0.22757305
0.005965131300000001 0.023542886000000002 0.22756628
0.00599958 0.023543618 0.22755804000000004
0.005980820499999999 0.023543912 0.22756181000000003
0.006012899600000001 0.023554016 0.22757236
0.0060169546 0.023580011 0.22754085000000002
0.0059832301 0.023559892 0.22756207
0.0060151086 0.023548057 0.22756908
0.0059753207 0.023559452 0.22755288999999998
0.0059951725 0.023547965 0.22755451
0.0059889403 0.023567728 0.22759096999999998
0.0059951667 0.023563876 0.2275651
0.0060241997999999995 0.023565970999999998 0.22758095000000003
0.005984097400000001 0.023566692 0.22755837999999998
0.006002492900000001 0.023568855 0.2275827
0.005993047499999999 0.023580927999999998 0.22758128000000002
0.0059809475 0.023552871 0.22758295999999997
0.0059822383 0.023552657999999997 0.2275542
0.005958737 0.023557421000000002 0.22758419000000002
0.006013551 0.023562161 0.22753978
0.005989184399999999 0.023561347 0.22758768
0.0059960662 0.023542487 0.22758050999999999
0.0060633389000000005 0.023536093 0.22757225
0.0060292012 0.023543558 0.22754162
0.0060604978 0.023562051999999997 0.22756390999999998
0.006039606899999999 0.023555588 0.22754379
0.0060120254 0.023535775000000002 0.22754909999999998
0.0060383293999999995 0.023551852 0.22756506
0.0060693249999999995 0.02355901 0.22755374
0.0059754974 0.023534409 0.22756105999999998
0.0059907559 0.023554025 0.22753774
0.0060362833 0.023554738999999998 0.22753252000000002
0.0060103746 0.023557698999999998 0.22753156
0.0060196509 0.023562302 0.22755588
0.0060259484 0.023557518 0.22754992000000002
0.0060616505 0.02355239 0.22756307000000003
0.0060076871 0.023560664 0.22756327999999998
0.0060097011 0.023550678999999998 0.22753988
0.0060486029 0.023554658 0.22754318
0.0060273094 0.023539283 0.2275503
0.005994419700000001 0.023555335 0.22759812
0.0060572967 0.023561185 0.22758843
0.0060280477 0.02355508 0.22752190000000003
0.0060206253000000005 0.023554301 0.22752851999999998
0.0060352389999999995 0.023550621 0.22755775000000003
0.006043030900000001 0.023565042 0.22754298999999997
0.0060340734 0.023548205 0.22755403000000002
0.006028815600000001 0.023573745 0.22758384999999998
0.006020642500000001 0.023553434 0.2275329
0.0059879700000000004 0.023544052000000003 0.22756358
0.006055625 0.023560534 0.22755370999999996
0.0060286262 0.023558423000000002 0.22755640000000002
0.006057310200000001 0.023562278000000002 0.22756061
0.005999949900000001 0.023549696999999998 0.22754343999999999
0.0060843448 0.023555052 0.22757897
0.006036099999999999 0.0235972 0.22757098999999997
0.0060366625000000005 0.02359073 0.22755313
0.0060501072 0.023579605999999996 0.22757511
0.0060432578 0.023567034999999997 0.22759754000000001
0.006021687900000001 0.023567437 0.22759024
0.00605465 0.023578918999999997 0.22755944
0.0060398188 0.023579119000000003 0.22756192999999997
0.0060165997999999995 0.02356076 0.22755011
0.0060049581 0.023578221 0.22757673
0.006052881300000001 0.023566779 0.22757787999999998
0.006046846 0.023573297 0.22756528
0.0059847598 0.023550834 0.22760693999999998
0.0059915071 0.023564462 0.22753227000000004
0.0059890038999999996 0.023570536999999996 0.22757382
0.0060044026 0.023567031 0.22758763
0.0059895941 0.023584707 0.22756049000000003
0.005994229700000001 0.023554816 0.22755632
0.0059915494 0.023569719 0.22755482000000002
0.0059848578 0.023571519 0.22758273
0.0059912856 0.023579763999999996 0.22756950000000004
0.0060071199 0.023594097 0.22761011999999997
0.0060566054 0.02359367 0.22758344
0.006081526700000001 0.023600005 0.22755556000000002
0.0060445771 0.023590561 0.22758067999999998
0.0060293396 0.023607884000000003 0.22758109
0.006077658 0.023571835000000003 0.22759448
0.0060536033 0.023579932 0.22755721
0.0060687468 0.023584618 0.22757709999999998
0.0061179039 0.0235673 0.22757507999999999
0.0060802245 0.023556958000000003 0.22757092
0.006049017499999999 0.023574156 0.22755856999999996
0.0060807071999999995 0.023570927 0.22754428999999998
0.006078715699999999 0.023601529 0.22756447
0.0060748166 0.023588196 0.22758156000000002
0.0060440877999999995 0.023604382 0.22757786999999996
0.0060421921000000005 0.023565586 0.22754302
0.0060654896 0.023588934 0.22756765999999998
0.0060326261 0.023584766000000004 0.22755575
0.0060920455000000005 0.023591042 0.22757206000000002
0.0060328861 0.023555445 0.22755679
0.006032750599999999 0.023574349 0.22757529999999998
0.0060321512 0.023550122 0.22754644000000002
0.0060194209 0.023577378 0.22756959000000002
0.0060321815 0.023577407 0.22758765999999997
0.0060128481 0.023573992000000002 0.22759953
0.0060315093000000005 0.023565556999999997 0.22759383
0.0059982441 0.023569901 0.22758960999999997
0.006019965100000001 0.023561106000000002 0.22757852
0.006024617300000001 0.023542025 0.22755263
0.0060141160999999995 0.023546359 0.22756868
0.0059668248 0.023537802 0.22755907
0.0059789596 0.023539199 0.22753848000000004
0.006038172400000001 0.023541486 0.22758795000000004
0.005986659599999999 0.023532332 0.22755861
0.0060125206 0.023564804 0.22755528000000003
0.0060050367 0.023551702 0.22757418999999998
0.0060185358000000005 0.023566062999999998 0.22756221000000001
0.006045874200000001 0.02354943 0.22756167
0.0059813298 0.023547104 0.22756786
0.006034381 0.02353861 0.22753706
0.005993295800000001 0.023540986 0.22755559
0.0059878166 0.023535377 0.22757
0.0059696612 0.023521929000000004 0.22755265000000002
0.005962092800000001 0.023568913 0.22758278000000004
0.0059920685 0.023549896 0.22757595999999997
0.006025424399999999 0.0235523 0.22757489
0.0060179334 0.023552172 0.2275737
0.0060082046 0.023543956999999997 0.22755990999999995
0.0059465181 0.023546881999999998 0.22756045
0.0060031335 0.023563659 0.22755811
0.0059992367 0.023559544999999998 0.22759788000000003
0.0060311042999999995 0.023550041 0.22758913
0.0059957985 0.023542547000000004 0.22759231
0.0059837284 0.023540386 0.22755529000000002
0.0060069932 0.023559476 0.22758963000000004
0.0060066341 0.023552936000000003 0.22757488
0.0059500674 0.023535072999999997 0.22756959999999998
0.0060080469 0.02355885 0.22755187999999998
0.0059351865 0.023534363000000003 0.22758118
0.0059558277 0.023533509 0.22755467000000001
0.0059324688 0.023545088 0.22755887000000002
0.005935663900000001 0.023546453000000002 0.22754120000000003
0.0059252363 0.023528274999999998 0.22758154999999997
0.0059694553 0.023522300000000003 0.22754572999999997
0.0059942050999999994 0.023554370999999998 0.22756159999999998
0.005931124899999999 0.023549827000000002 0.22757306000000002
0.0059601228 0.023540078000000002 0.22754911
0.005962596 0.023532176999999998 0.22756417
0.0059596268 0.023542803000000005 0.22758171999999996
0.005950042000000001 0.023543054 0.22758927999999998
0.005934297400000001 0.023549278 0.22757585999999996
0.0059141607 0.023542514 0.22756583
0.0059334094 0.023530921 0.22757539
0.005942507200000001 0.02353139 0.22752629000000005
0.0059490961000000005 0.023519555000000004 0.22756745
0.0059638735 0.023521610000000002 0.2275401
0.0059375473 0.023518472 0.22754867
0.0058827155 0.02354825 0.22755903000000002
0.0059085095999999995 0.023533788 0.22756184000000004
0.0060051647 0.023543513999999998 0.22756656999999997
0.0059630405999999995 0.023533376999999998 0.22756603000000003
0.0059773113 0.023556935999999997 0.22756950000000004
0.0059439756 0.023551254 0.22757265
0.0059541471 0.023545761000000002 0.22755804999999998
0.005982826700000001 0.023540981 0.22758509
0.0059526088 0.023573541 0.22756997
0.0059587164 0.023574315000000002 0.22758968000000004
0.0060194176 0.023552723 0.22757414999999998
0.005975320100000001 0.023574564 0.22756389999999999
0.0059695875999999995 0.023563199 0.22758873
0.006011018000000001 0.023542735000000002 0.22754272000000003
0.005959151500000001 0.023543194 0.22757979999999994
0.0059994602999999995 0.023555389000000003 0.22755790000000004
0.006009716399999999 0.023549792 0.2275996
0.0060435251 0.023572825 0.22759041
0.005985850700000001 0.02359506 0.22759968999999997
0.006006568299999999 0.023586200999999998 0.22756291999999995
0.0059956545 0.023590312999999998 0.22756998
0.006031452200000001 0.023598658 0.227569
0.006014984199999999 0.023604879000000002 0.22758381
0.0060263413 0.023582419 0.22758854000000003
0.006035165100000001 0.023574132 0.22758368
0.0060720285999999995 0.023561752999999998 0.22757430999999997
0.0059794183 0.023586683 0.22757519999999998
0.0059558698 0.023561266999999997 0.22755264
0.0059839124 0.023575789999999996 0.22756058
0.0059974659 0.023567507999999997 0.22754739000000002
0.0059755008 0.023590663999999997 0.22757498000000004
0.005973319799999999 0.023561905 0.22760468
0.006039661 0.023556574 0.2275779
0.0060196383000000004 0.023578717 0.22756020999999998
0.006016285000000001 0.023552238 0.22757971999999999
0.0060127064 0.0235661 0.22755045000000002
0.0059920435 0.023568672 0.22756089999999998
0.005979523 0.023559147 0.22758555
0.0060141555 0.023571968 0.22759179999999998
0.005957195899999999 0.023572651 0.22758384
0.0060013853 0.023556150999999997 0.22758854999999997
0.0060002759 0.023568335000000003 0.22757769
0.0059920652000000005 0.023585106 0.22758406
0.0059913065 0.023557314 0.22758446999999998
0.0060078862 0.023583581 0.22758339000000002
0.006031864400000001 0.023584697999999998 0.22755224
0.005996015700000001 0.023581537999999996 0.22756389999999999
0.0060082142 0.023579562 0.22757795
0.006036893999999999 0.023577091 0.22756859000000002
0.006029797599999999 0.023590006 0.22757093999999997
0.0060788007 0.023583865000000002 0.22758479
0.006016406 0.023597178000000003 0.22758073000000004
0.0060000279000000005 0.023580944 0.22755519
0.006019010699999999 0.023576056999999997 0.2275912
0.006020420100000001 0.023554329000000002 0.22756875999999998
0.0059993602000000005 0.023593779000000002 0.22757001999999998
0.0060468482 0.023576457000000002 0.22758538
0.006052601 0.023593886 0.22758736000000002
0.006085682899999999 0.023589186 0.22757997999999996
0.0060507672 0.023588559 0.22757499
0.006041228599999999 0.023584299 0.2275742
0.006113836700000001 0.023581727 0.22758274000000003
0.0060375011 0.023580629999999998 0.22756508000000003
0.006039657700000001 0.023583501 0.2275865
0.0060309113 0.02358147 0.22756417000000004
0.0060619128 0.023562846 0.22756583000000002
0.00604791 0.023534832999999998 0.22759476000000003
0.0060118987 0.023555441 0.22759716000000002
0.006045241299999999 0.023587987 0.22755192000000002
0.0060183955999999995 0.023559278 0.22755622
0.0060309714 0.023574346 0.22755524
0.006043507 0.023581944 0.22756501000000004
0.0060333391 0.023585584 0.22756037999999998
0.006060085199999999 0.023594946 0.22756092
0.0060664933 0.023558876 0.22758588999999999
0.0060448031 0.023605021999999996 0.22758423
0.0060652943 0.023582743 0.22757687
0.0060636125 0.023564596 0.22755897999999997
0.0060630501 0.023578148 0.22758858999999995
0.0060516588 0.023596081999999997 0.22756524000000003
0.0060839359 0.023563559 0.22759891
0.006044944499999999 0.023578496999999997 0.22756801000000002
0.0060206362 0.023593184 0.22757323000000002
0.006088637199999999 0.023593022999999998 0.2275645
0.006053071 0.023575182 0.22757709000000004
0.0060895011 0.023605077000000002 0.22758243
0.006064595799999999 0.023584416 0.22756735
0.0060443196 0.023593444 0.2275645
0.006075077999999999 0.023613888 0.22754821
0.0060760918999999995 0.023601983 0.22753565
0.0060657349 0.023610436000000002 0.22760624999999995
0.0060723737000000005 0.023613593 0.22760068000000003
0.0060809884 0.023618844 0.22759334
0.006098182200000001 0.023622884 0.22757858000000003
0.0060957167999999996 0.023596554 0.22759307
0.006079966500000001 0.023598104 0.22759109000000005
0.0061190344 0.023613108 0.22755633000000003
0.006082718799999999 0.023612862000000002 0.22756157999999999
0.006068596799999999 0.023591108 0.22757322000000002
0.006060288299999999 0.023589829 0.2275751
0.0060448588 0.023621341 0.22758003000000002
0.006042203 0.023620391999999997 0.22756303
0.0060866856999999995 0.023586094999999998 0.22759005999999998
0.006060266 0.023571706 0.22755680999999997
0.0060769739 0.023598822 0.22757183999999997
0.0060446194 0.023592606 0.2275912
0.0060374681 0.023581134 0.22758385999999997
0.006054282699999999 0.023600456000000002 0.22758142
0.0060797625 0.0235923 0.22757900999999997
0.006028294500000001 0.023591379000000003 0.22756756
0.0060630494 0.023587505 0.22760009
0.006098838799999999 0.023588228 0.22755537
0.0060571347 0.023586974000000004 0.22757484999999997
0.0060430589 0.023580802 0.22755636000000004
0.006089947700000001 0.023561197 0.22756214
0.0060596666 0.023567526 0.22755874999999998
0.006079241500000001 0.023567241 0.22756914
0.0060456283 0.023571041 0.22758904999999996
0.0060051157 0.023562864 0.22756698000000003
0.0060591922 0.023563708 0.22754908000000001
0.0060491643 0.023572743 0.22756900000000005
0.006093209 0.023590436 0.22759035
0.006082891700000001 0.023590002000000002 0.22758807
0.0060388427 0.023587780000000003 0.22757528000000002
0.006086356100000001 0.023589528999999998 0.2275803
0.0060289809 0.023559521 0.22756674000000002
0.0059805152 0.023588130000000002 0.22757286000000004
0.0060048572 0.023573385999999998 0.22755387999999996
0.0060181351000000004 0.023559657 0.2275674
0.0060085022 0.023576966999999997 0.22757901
0.006040015900000001 0.023576915999999996 0.22756115000000002
0.006033902400000001 0.023577473999999998 0.22755224
0.0060589841 0.023587636000000002 0.22758931
0.0060618532 0.023574903 0.22755867
0.0060666777 0.023578836 0.22756433999999998
0.006066735199999999 0.023589947 0.22759537999999999
0.0060369847 0.023584090999999995 0.22760994
0.0060156831000000004 0.023594845999999996 0.22757204999999997
0.006025827900000001 0.023566334 0.22755348
0.0060704446 0.023566689000000002 0.22754562000000003
0.0060144403 0.023571451 0.22758865
0.006076882 0.023569094 0.22758149
0.0060040095 0.02355811 0.22757812000000005
0.0060406737 0.023552766 0.22757690999999997
0.0060484436 0.023556856 0.22754756999999998
0.0060585707 0.023567336 0.22758558999999998
0.0060412444000000004 0.023565429 0.22756893000000003
0.006056966200000001 0.023566691 0.22755222000000003
0.006014009 0.023578119 0.22756563999999999
0.0060177545 0.023553777999999997 0.22754038
0.006028360200000001 0.023540465 0.22755187000000002
0.0059694573 0.023545024999999997 0.22756759999999998
0.006006755800000001 0.023557333 0.22757283
0.0059480088 0.023552714000000002 0.2275496
0.0059599355 0.023517885999999998 0.22753849
0.005970739500000001 0.023552292999999995 0.22757093
0.0059868715 0.023548821 0.22753969999999998
0.005987471899999999 0.023545004 0.22758036
0.0059815784 0.023543819 0.22755248
0.0059527239 0.023549717 0.22755931999999998
0.0060353472 0.023539594 0.22756902999999995
0.005980421 0.023551981 0.22757184000000003
0.0059942004 0.023548307 0.22755955
0.0060142949 0.023533513000000002 0.22757345999999998
0.005965363800000001 0.023535118 0.22757296
0.005977541299999999 0.023528653 0.22753137000000004
0.0059734626 0.02352137 0.22753873000000002
0.0059857122999999995 0.023514943 0.22759588000000003
0.005941516500000001 0.023503495 0.22753036999999998
0.0059482152 0.023501451 0.22758031
0.0059751841 0.023502433 0.22755069000000003
0.0059608227 0.023538157 0.22758508000000002
0.0059737374 0.023539809 0.22755062
0.005940415 0.0235152 0.22752990999999997
0.0059391543 0.023520726000000002 0.22755779
0.0059382452 0.023521028 0.22757660999999998
0.005929394999999999 0.023517449 0.22755962000000002
0.0059347658 0.023532483 0.22757244000000001
0.005979879999999999 0.023534188000000004 0.22759113000000003
0.005940147800000001 0.023523733999999998 0.22755625000000004
0.005996051800000001 0.023508057 0.22754502
0.0059902802 0.023540575 0.22753677
0.0059375646 0.023510036000000005 0.22755589
0.0059572536 0.023538286 0.22753726
0.0059279898 0.023517828 0.22756489999999996
0.0059347623 0.023516521 0.22758167
0.0059396195999999995 0.023525685999999997 0.22753668999999999
0.005933840899999999 0.0235445 0.2275698
0.0059531748 0.023536669 0.2275439
0.0059330336 0.023521933000000002 0.22756005999999998
0.0059670863000000005 0.023531134000000002 0.22756397999999994
0.0059856658 0.023534046 0.22755124000000002
0.0059335689 0.023538242 0.22754506000000002
0.0059655919 0.023559797 0.22756486999999997
0.0060101934 0.023559019 0.22759901
0.0059830824 0.023538063 0.22753877
0.005989281 0.023536520999999998 0.22750746000000005
0.005969534299999999 0.023530503 0.22752201000000002
0.005969661499999999 0.023549085 0.22756378000000002
0.0059712453 0.023552280000000002 0.22757431
0.0059491197999999995 0.023569684 0.22757250999999998
0.0059785416 0.023561122 0.22755273000000004
0.0059896922 0.023554904999999998 0.22756326999999996
0.0059548679999999994 0.023546066999999997 0.2275458
0.0059458232 0.023530364 0.22756858000000002
0.005939395599999999 0.023551851000000002 0.22754712999999996
0.0059457902 0.023535060000000003 0.22756960999999998
0.0059395472 0.023535846 0.22757131
0.0059972922000000005 0.023526019 0.22757568999999997
0.0059690561999999996 0.023533922000000002 0.2275674
0.005958628 0.023548265 0.22757875
0.0059790569 0.023542768999999998 0.22759684
0.005946484 0.023548968999999996 0.22757364
0.005941874399999999 0.023525592000000005 0.22755324999999998
0.0059720697 0.023532093 0.22754436
0.005947935100000001 0.023533036 0.22753129000000002
0.005920342899999999 0.023526744 0.22756534999999997
0.0059859328 0.023521116 0.22756604
0.005956283299999999 0.023534154 0.2275727
0.0059873865 0.023541652 0.22756252000000005
0.005989598400000001 0.023544231000000002 0.22753055
0.0059655374 0.023539431000000003 0.22756248
0.0059894315000000005 0.023546288999999998 0.22754989
0.005973577999999999 0.023536906000000003 0.22756466
0.006001009200000001 0.023550205 0.22754683999999997
0.0059921483 0.023525841 0.22757432
0.0059457567 0.0235368 0.22753933999999995
0.0059744501000000005 0.023540358 0.22754381
0.0059831394 0.023534863 0.22757624999999998
0.005937761000000001 0.023538559 0.22758434999999996
0.0059877859 0.023546253 0.22756053
0.0059565715 0.023516028 0.22755459
0.0059694681999999995 0.023538452999999997 0.22757300000000003
0.0059338303 0.023540932 0.22756798999999997
0.0059655059 0.023553698 0.2275868
0.0059259547 0.023529493 0.22757712
0.005959943 0.023535356 0.2275683
0.005970043700000001 0.023549979000000002 0.2275941
0.005947805299999999 0.023517954 0.22758611
0.005943486100000001 0.023538885000000002 0.22758473
0.0059895211999999995 0.023555484 0.22756412999999998
0.0059880443 0.023562322999999996 0.22757978000000004
0.0059929366 0.02356077 0.22757544000000002
0.0060177233 0.023564055 0.22754946999999998
0.006008696799999999 0.023581821 0.22758783
0.0060067659999999985 0.023585775999999996 0.22756141
0.0060068332000000006 0.023554092 0.22759115000000002
0.0060241993 0.023557618999999995 0.22755680000000003
0.0060162394 0.023547735000000004 0.22754701000000002
0.0059656337 0.023539619 0.22758785
0.0059846864 0.023550928999999998 0.22756299000000002
0.0059877228 0.023551666 0.22754784
0.0059996288 0.023544304 0.22756445000000003
0.0060173523 0.023568737 0.22757046
0.005965725 0.023564486000000003 0.22755155
0.0060377091 0.023557637 0.22758707
0.0060310208 0.023547629 0.2275687
0.0060263431 0.023531609000000002 0.22756649
0.0060147464 0.023565654 0.22757619
0.0060313011 0.023551024999999996 0.22755808000000002
0.0060442005 0.023549068 0.22758533
0.006013615599999999 0.023558777 0.22758056
0.005992691 0.023572950999999998 0.22754567999999997
0.0060595013 0.023550558 0.22758262000000004
0.0060331471000000005 0.023574015999999996 0.22757331
0.0060385977 0.023542899 0.22759618
0.0060363229 0.023558049 0.22756643000000004
0.0060152666 0.023542171 0.22757577
0.0060303776 0.023553512999999998 0.22753578000000002
0.0060377147 0.023570208000000002 0.22753888000000005
0.0060076636 0.023544884 0.22754531
0.0059758471999999995 0.023554975000000002 0.22756483000000002
0.006000830699999999 0.023570453999999998 0.22758075
0.0060558741000000015 0.023572200999999994 0.22756271
0.006037474499999999 0.023581051000000002 0.22756426000000002
0.0060493458 0.023570569 0.22755586
0.006036487700000001 0.023549826000000003 0.22754376
0.0059818196 0.023562937 0.22757900000000003
0.0060608532 0.023573551999999998 0.22755796
0.006003520399999999 0.023565295000000003 0.22758716999999998
0.0060290970000000015 0.023545009999999998 0.22760102999999998
0.005973647300000001 0.023569823 0.22757148
0.0059945607 0.023563365 0.22755194000000004
0.0059970017 0.023568777000000003 0.2275789
0.0060175489 0.023574910999999997 0.22752920000000004
0.006010879 0.023552359999999998 0.22754823999999996
0.005961660399999999 0.023543346 0.22754079000000002
0.005992609000000001 0.023569865 0.22756275
0.0059413635 0.023565884000000002 0.22755441000000004
0.0059803882 0.023554527999999998 0.22757701999999996
0.0060215604 0.023561528 0.22758045999999998
0.006029922500000001 0.023549513 0.22756908
0.0059984090000000006 0.023558004 0.22758993
0.006042140499999999 0.023563461 0.22760922
0.0060052766 0.023543758 0.22756371000000003
0.0059952697 0.023535014 0.22756214999999996
0.005980159800000001 0.023535442 0.22755359
0.0059793319999999995 0.023513934000000004 0.22757114
0.0060000981 0.023538521 0.22756252999999999
0.0060016252 0.023529902 0.22755124
0.0059696049 0.023517708 0.22755571000000002
0.006011891300000001 0.023535657999999997 0.22753626
0.005950264300000001 0.023521545999999997 0.22754363
0.0059905029 0.023542605 0.2275822
0.005995101000000001 0.023541402 0.22757401000000002
0.0059630543 0.023552442 0.22755856000000002
0.0059712452 0.023546027 0.22756422999999998
0.005964240399999999 0.023554437999999997 0.22755164999999997
0.0059631565 0.023533407 0.22756534999999997
0.0060125456 0.023550225 0.22755121000000003
0.005972650300000001 0.023531332 0.22756015000000002
0.0060219465 0.023530461 0.22756108
0.0059751638 0.023548897 0.22755245
0.0059802115 0.023554508999999998 0.22757138999999998
0.0060146287 0.023561818 0.22759356999999997
0.0060132334 0.023548027 0.22757638
0.0059938722 0.023566767000000002 0.22755124
0.006002297700000001 0.023576167000000002 0.22758051000000004
0.006032591800000001 0.023573504000000002 0.22754827
0.0059800242000000005 0.023564184000000002 0.22756759
0.0059917126999999995 0.023560606999999997 0.22757679
0.0060369355 0.023572673 0.22758096
0.0060013669 0.023574700999999997 0.2275728
0.006026380400000001 0.023560623 0.22757776999999998
0.006054162399999999 0.023555953999999997 0.22753737000000002
0.005991559999999999 0.023554374 0.2275757
0.0060300243 0.023564848 0.22759053
0.0059959626 0.023551441 0.22757776999999998
0.0059817496999999996 0.023556940999999998 0.22757128
0.0060287889 0.023534351999999998 0.22755410999999998
0.0060186510999999995 0.023546522 0.22754994
0.0059863432999999995 0.023546860999999995 0.22756110000000002
0.0060296128000000004 0.02355565 0.22758414
0.0059802837 0.023568686999999994 0.22757648000000003
0.005987104199999999 0.023551243 0.22756785000000002
0.0059741928 0.023548557 0.22756651
0.0059433561999999995 0.023555339 0.22755602000000003
0.006018238 0.023562575000000002 0.22757144999999998
0.0059694315000000005 0.023555327999999997 0.22756943000000002
0.005989192999999999 0.023534156 0.22757017
0.0059934407 0.023555608999999998 0.22755218
0.0059809711 0.023565155 0.22759014
0.0060465363000000005 0.023553664 0.22758087
0.006021921000000001 0.023559026000000004 0.22757394000000003
0.006031231600000001 0.023558308 0.22756110999999998
0.0060213328 0.023546044999999995 0.22755806
0.006021595700000001 0.023542352 0.22756261000000003
0.0060742991 0.023550188 0.22755540000000002
0.0060450818 0.023570744 0.22754982999999998
0.006033534 0.023555599000000003 0.22758576000000003
0.0059903911999999995 0.023559898 0.22756469999999998
0.006003923499999999 0.023573151000000004 0.22754557000000003
0.0060051044999999996 0.023574195000000003 0.22758398
