5.919899217120143220e+00
-4.107552332983673615e+00
-1.829554199032570994e+00
1.757540191351268266e+00
-6.831595195853349622e+00
-1.034028045542373153e+00
9.862723331541062066e+00
6.821304364104326723e+00
6.801073400637252853e+00
2.901771709950205391e+00
-7.137748540630131089e+00
1.363251269763129514e+01
3.785908401010078528e+00
1.188868049594127285e+01
3.913957641390356290e+00
-1.860822528138021958e+00
-7.014998533732086372e-02
7.966097915775554483e+00
4.799482917005915006e+00
1.683116658172995628e+01
9.691616555177301251e+00
1.185079151454038282e+01
5.891306892844191623e+00
-5.871561304637248568e+00
-4.187681727719481550e+00
-1.942744525334105354e+00
-1.373512224617218713e+01
8.636805045868158004e+00
2.945055836793146309e+00
2.881450653840865961e+00
-2.124386233343215302e+00
-1.938232290815694814e+00
-2.995475487395479863e+00
9.841592070320242414e+00
6.908793739709639503e+00
1.961224173436935558e+00
1.164780013582913298e+01
5.983762855398207847e+00
1.077907506802059778e+01
1.387473082699226978e+01
3.945644011441564736e+00
-9.793460322843488441e+00
4.787860207607607776e+00
2.921996901328328455e+00
-4.920536219753787854e+00
-1.186860405684545938e+01
-1.461286331675968064e+01
-1.675072029031330345e+01
-1.381908137443997653e+01
-1.479799321440938442e+01
-2.475155246892227723e+01
-2.548395785507624467e+01
-3.432706902033710872e-02
5.699334071515799849e+00
5.699334068302595924e+00
-6.802813388371259151e+00
-1.843964113782251113e+00
-4.013088700326384206e+00
-7.516080956035198213e-02
-1.191381006862502012e+01
-1.686041849675747528e+01
3.977139222712666733e+00
2.830172572397726682e-02
-4.746679366531258992e-02
4.992703456018149133e+00
1.189232555083622245e+01
1.767738562780674982e+01
2.020422264899246922e+00
9.694723894218922666e+00
1.088420072225659219e+01
9.669506036238953328e+00
-6.046064560622226303e+00
1.473255539835520977e+01
-8.376767705807095510e-01
-1.966327399863216474e+00
1.575216712626210835e+01
5.020029962380611721e+00
4.955689224141473836e+00
5.979356629604210660e+00
1.982547371148282167e+01
2.880764119485926145e+00
1.872196733766712029e+01
1.172634015890890069e+01
5.954113712156779314e+00
1.588472371140144190e+01
4.941891355125207497e+00
2.762705094559359509e+01
1.861017255392129144e+01
2.556980868396513529e+01
3.638003585849244104e+01
2.960524155015125558e+01
1.196613777813010771e+01
9.868801483340977398e+00
1.066120864355265496e+01
9.363690669529638466e-01
4.583836662711293641e-02
-3.981504861213754687e+00
5.781199458198607921e+00
-5.119599821059426681e+00
6.813781750232530854e+00
4.000046014544370365e+00
8.954054836073439549e-01
-1.288739953156115270e+01
-5.130147232280682701e+00
-1.869068938849734796e+00
-8.916754859427998170e+00
-8.916754858207614376e+00
1.914898643749766372e+00
1.913850428549612737e+00
1.944954845241912977e+00
1.022855040372927959e+00
1.186299321941017837e+01
3.948173988879339014e+00
9.713404626572451406e+00
1.565311738725327650e+01
1.378100939707320194e+01
-1.119001611263836793e-01
5.762955918304555780e+00
-1.389022595687949568e+01
-8.882678457417798157e+00
-3.927645313173912633e+00
-4.892520346037297685e+00
-3.672581429657549634e+00
-2.800702633217551529e+00
1.372404423835734200e+01
7.847458184747159393e+00
1.883230966264102335e+01
8.745957799091483409e+00
3.054265830716621011e+01
2.847575585956480637e+01
3.754015405052421706e+00
1.286752296486697666e+01
6.872110817195455468e+00
1.757002318941877306e+01
2.273068671377193084e+01
2.057118092686555144e+01
5.842470604194740069e+00
1.076710848661503128e+00
6.013292431261874960e+00
1.827292608123453732e+00
2.011089216143388647e+00
7.651998615418429850e+00
-6.849513012588067440e+00
7.763754942474658804e+00
3.921274661684612362e+00
-1.117384943000949260e+00
4.875591756120727815e+00
9.502394643049969503e-01
-9.943539274643582004e+00
-8.893885874827654803e+00
4.992668871006594955e+00
-1.952814461532147661e+00
7.805616805118003931e+00
-9.034033870266213739e-01
6.088913042843646650e+00
-1.084567898596746360e+01
-4.133149260179607154e+00
6.765861316335115561e+00
1.264437207271229546e+01
9.908211747783147061e+00
1.566829714780486427e+01
1.166233494815737615e+01
-3.036903260337160404e+00
1.078799377168405904e+01
-9.809517637729653572e+00
4.895322875000740481e+00
8.656227846430322614e+00
-1.086357612968351205e+01
-1.100884776120973640e+01
1.599660370188584935e+01
8.715300790755568627e+00
-5.999405581322063696e+00
9.278897940554102775e-01
-1.380075334073749360e+01
9.759918167534710420e+00
-3.818725810262475040e+00
4.804071237827652219e+00
-5.884215691760941169e+00
-9.375317846065334138e-01
1.593537368328728121e+01
3.043942670272182838e+01
2.361169913606015669e+01
1.949556712713297113e+00
2.937113562708746528e+01
-9.677263966158431430e+00
-7.923149602872165076e+00
3.993206984009831206e+00
-8.037782721463017310e+00
1.779721989703491047e+01
1.280044404951756754e+01
5.648786967306405060e+00
2.083332318922086479e+00
2.079008166351334097e+01
3.147625101188971541e+01
2.060959440268634779e+01
1.029947676259775236e+00
7.788066864713052873e+00
-9.172506518971301759e-01
9.120335816585622979e-02
-1.904324541817410843e+00
-1.765800210688392724e+01
-1.202266200909197913e+01
-2.571734948597262616e+01
-2.911659022591366774e+00
-6.005113244653433213e+00
-2.971276303171451971e+00
-6.905771531916361283e+00
9.681541704358398448e-01
7.907049895896895109e+00
8.821619726574629894e+00
1.191878509317172430e+01
9.954450205536778284e+00
1.566153424373547942e+01
9.855545017456687873e+00
9.904426930922801020e+00
1.074460269365477671e+01
1.672669548722606336e+01
2.770381190199999466e+01
1.795773174860559607e+01
1.480065316566234301e+01
1.001142729141116838e+01
8.481541143789721460e-01
2.906872724132401054e+00
-2.808388688234360941e+00
-1.383885452481005274e+01
-6.816470568448794509e+00
-1.173296864493852176e+01
-6.025741402084006992e+00
1.079839993749394012e+01
-2.883021153956969229e+00
-1.279819722969938134e+01
-2.074546237629945011e+01
-1.383976027613732285e+01
-2.861269955626995376e+00
1.672594840591000320e+01
4.813582230827508468e+00
-6.765183348080884507e+00
-1.070727366192070740e+01
3.070098236409708026e+00
1.347005400444059120e+01
-4.959573736533942068e+00
-1.370821379931835970e+01
-1.682634880203169914e+01
-4.973310375959306029e+00
-1.195996393539809244e+00
1.275640949720893680e+01
4.059055446910269538e+00
-1.892212529795664011e+00
7.909303843722062410e+00
1.380010646069882263e+01
-1.475286466075532488e+01
-4.810012212474415350e+00
-9.775328788756922904e-01
-5.932262661950885807e+00
-1.473904894744693905e+01
-2.777478039235239393e+00
-7.771098071135321916e+00
-4.890661635561160736e+00
-1.877071740413508394e+01
-2.453335780789527121e+01
-2.060899962377709826e+01
-3.344508421009869892e+01
-2.053544137073054188e+01
-1.868409463679093818e+01
-5.749232983174959344e+00
-1.867352697109138759e+01
-7.938906516970518190e+00
-3.943300343176193490e+00
1.007265506850979708e+00
-1.467448409599553827e+01
2.936727066006366016e+00
1.177687081363382759e+01
-1.096768533030923010e+01
-8.860779049577573119e+00
-5.009236640668710550e+00
-5.957003731124149049e+00
-6.856346950617779434e+00
-1.793909545283788631e+01
-1.561976778765114204e+01
-1.373019578080762848e+01
-2.071429067027222004e+01
-8.943657167137669006e+00
-6.994932648276551035e+00
9.204470386910972302e-01
7.783845799599454551e+00
1.747234337653917891e+01
1.176303458097917520e+01
2.374790976197636017e-01
3.227782825566272606e+00
-7.839870791013277440e+00
-1.761102754726762853e+01
7.958029990180071067e+00
-7.823705188634077601e+00
-1.180349475597058628e+01
-1.581234627640642998e+01
-6.885327487559496973e+00
3.972702680092232264e+00
1.760121079550901158e+01
2.181390752649837594e+01
-4.985890573935919612e+00
2.022614501167052659e-02
-8.743873231808333202e+00
3.973820639331933080e+00
-1.872476535430105216e+01
-1.009782663712451178e+00
-1.759156764737725354e+01
1.917002116547631418e+00
-1.873669283399485463e+00
-3.046308518533252574e+00
-8.986806741234600437e+00
2.932883513033668343e+00
9.849164594489556279e+00
-2.026904704262388002e+00
-6.038366745956892601e+00
-1.088569482001034316e+01
2.824299238510036947e+00
4.127672997969018098e+00
3.829075041694988801e+00
4.915813855019024459e+00
6.959277220902284178e+00
1.479039577837502506e+01
-6.937585170396574519e+00
-8.967313280760865979e+00
-1.685602912865795133e+01
-2.358327673493794308e+01
-9.914558888430127226e+00
-1.382797214294004817e+01
-2.461794654346192601e+01
-1.265109379319108562e+01
-8.930170034462891593e+00
-4.914780137832968521e+00
9.306001272159778459e-01
5.977047016125029089e+00
-4.970166328344443940e+00
-1.370833585628144391e+01
-4.822300056397192947e+00
-9.725892322856338978e+00
-1.583374307149708571e+01
-1.382948444496654972e+01
-1.382948444485908723e+01
-1.395874966102026704e+01
-2.564422057302651581e+01
3.875206971779793896e+00
-9.858670291064356661e+00
-7.929990334081762349e+00
-6.956059503346495809e+00
-1.081886601723097918e+01
7.858023242271975128e+00
-4.901501347097180883e+00
3.053811016294653236e+00
5.829136259431298761e+00
-1.181020538312367485e+01
1.700584452146226333e+00
-5.827854126647631361e+00
-7.863882385646517648e+00
-8.843043068276001506e+00
6.821339783959281533e+00
6.877463985873118801e+00
2.259100917907661099e+01
1.973780345440441408e+01
-1.186790565554663601e+01
8.691719670294826727e+00
-5.022650477053630880e+00
6.805277494292624851e+00
3.981583046168578832e+00
9.784837939163747222e+00
8.867105698614334841e+00
-5.923809232280609294e+00
-1.913650610196211632e+00
9.926498834310796937e+00
2.050995259213821864e+00
4.058814263362741315e+00
4.771537610028694587e+00
2.273411883312375892e+01
7.550901492763526512e-01
-6.811683903717649535e+00
-4.946596828874732843e+00
-2.271175529123815906e+01
-9.942212881650426937e+00
-6.941484125269008487e+00
-1.037309128935967273e+00
2.098787496400642993e+00
2.098787497917772527e+00
-5.815842047167057771e+00
7.893900201189254062e+00
-4.810630305689096886e+00
7.043819818933068078e+00
1.474228052430544800e+01
1.474228052396647826e+01
1.670363262587736131e+01
4.886984146294935272e+00
1.667289589779782943e+01
7.887335965200791499e+00
1.391585265865929877e+01
4.820364928425696860e+00
7.892052472894423687e+00
5.979257348187585919e+00
7.818319005484161366e+00
-6.952272467761125618e+00
2.568193648653653582e+01
8.866090261891343971e+00
3.040540659441161253e+00
1.664117442722934470e+01
1.277361637650907156e+01
-1.190783722281814505e+01
-9.908824493389559507e+00
-1.292720581178840789e+01
-9.657856971758011611e+00
1.169484515946621173e+01
-4.935973212268628174e+00
-1.945790609258353676e+00
-2.773953272576600071e+00
5.515212779020934875e+00
-1.367471151640560656e+01
-4.825510586559914827e+00
1.875107481723408753e+01
-1.957191411485636579e+00
1.290194154776686730e+01
-6.011181062712076084e+00
9.452242968933222134e-01
-9.166170088139472538e-01
-2.175834479918491837e+01
1.951878391665863965e+00
3.775301325272155228e+00
-1.028416098999343165e+00
-8.003589324160026663e+00
-8.030384007309283589e+00
1.272028938159710876e+01
3.826149100603116526e+00
1.484952767700431764e+01
-9.684478569615153631e-01
-1.380843250123017540e+01
-3.850681988268933154e+00
-4.917752962715404408e+00
9.780840557386125678e-01
-3.944013950471803032e+00
-1.914968675967229306e+00
2.988879356033002921e+00
5.060226618705954138e-02
-2.061693161887616199e+00
-2.949657886032978382e+01
-2.368631130664955009e+01
-1.157775898937439596e+00
9.767685997748206006e+00
1.769712764756298640e+01
3.232782222307322684e+01
1.685582970764761512e+01
7.903227390039436528e+00
1.589357219980432845e+01
9.825822187880863368e+00
3.755544073843298492e+01
4.533735138721218050e+01
2.859666230692189970e+01
2.477876468384070563e+01
8.903974651429660270e+00
-3.019268580236412980e+00
4.959738872733488790e+00
-9.188093039451374899e-01
-1.564131354165268384e+01
-6.943763032824151082e+00
-5.884489871603945765e+00
-8.863588702572581468e+00
9.784977336538187132e+00
6.838597836338616176e+00
5.134647996862236496e+00
1.769337808723357242e+01
-9.609422974774646242e-01
-9.327404507871195349e-01
-1.457843281861903328e+01
-1.457843282418594555e+01
1.837995149129700856e-01
-5.909299575657273706e+00
1.475772437180725838e+01
1.078341523713167938e+01
-6.878876544555089012e+00
-1.004866289429320325e+01
1.933097005035731009e+00
1.011388285833328027e+01
8.869964027521614724e+00
-1.576829498265341023e+01
-2.570712798229400420e+01
-1.565374569556572126e+01
-3.790822189464174485e+00
-1.276412109883754553e+01
5.960447972185669130e+00
-8.943613132071643435e+00
-1.082882922446409779e+01
-7.839257534861211241e+00
-6.837788224307084661e+00
-1.290832709549754931e+01
-8.939397564967059395e+00
-1.865160835882367962e+01
-9.778214832708840731e+00
-1.282332358516944026e+01
-8.847578534213043966e+00
-5.821912777469763434e+00
-2.173109469403537020e+01
-4.247051800523205145e+01
-8.764791011686710931e+00
-2.840354196184462410e+01
-1.590141001520253283e+01
-1.373686412180564531e+01
-1.074867932102088730e+01
3.076354384005963283e+00
1.037926885394328202e+00
-1.203054320244341291e+01
-1.582807702214606849e+01
-6.906558071065165727e+00
2.081395026173702867e+00
9.068888175713949451e-01
-4.768145301140004122e+00
-9.772987352815327711e+00
-8.773230936626164933e+00
7.864820074384101467e+00
-9.338596235374594379e-01
-8.479388961726308516e-01
-3.722670870716465519e+00
-4.906513466116731337e+00
-1.048578538057030052e+00
-6.004619421827406711e+00
4.882047438212573809e+00
1.485250965485419528e+01
1.084305370899501497e+01
-8.547020872187715668e+00
8.686398431050614377e+00
-1.963812396087263323e+01
-1.919054204967443944e+00
-1.177279537389837039e+01
9.492927500466514790e-01
8.142067791316389691e-01
1.387581750208710929e+01
1.078490262454636017e+01
4.945744721144989420e+00
1.080835942564880625e+01
1.080835942678823258e+01
6.829725588970926964e+00
-1.376226895792835769e+01
3.003396835805205001e+00
1.085313359396901944e+01
-3.994850703666663172e+00
2.374475026398728161e+01
1.160428176188521121e+01
2.082852138694939903e+00
-9.651230937136496379e+00
3.346643745844195550e+00
4.431405158846768444e-03
-1.041672565704871767e+00
-9.922447945351361653e+00
-5.049589798602902135e+00
6.836888171336084952e+00
-3.154643440867355597e+00
1.379449094566475509e+01
-1.137952281582536473e+00
-1.459866624679087899e+01
9.019315800683964213e+00
-5.769980813718605717e+00
-3.907708047324718326e+00
7.964749490546216393e+00
8.680008786316465219e+00
1.864536052875914152e+01
5.880980077282822904e+00
2.166072053502092132e+01
2.445268893887823225e+01
2.477962020912855579e+01
1.365798781830097752e+01
1.754509435458504996e+01
1.076901717295748639e+01
1.976214420250250825e+01
8.898025024203061406e+00
-2.075709248665481343e+00
7.820981418401043328e+00
7.907820437204089892e+00
1.183203468840101102e+01
5.815353247231948686e+00
3.803363958174357684e+00
1.974716337831451085e+01
1.477034360935911295e+01
-7.884990628660228040e+00
-2.918915658894745579e+00
2.990457879958879239e+00
3.121836078119480717e+00
-8.978542836526979265e-01
1.285924189439863241e+01
1.990827984156795738e+00
7.867095175741722457e+00
7.897409291482412108e+00
1.088277510629124656e+01
1.464483720760459562e+01
-3.010093837493655222e+00
4.982458216482227975e+00
1.395151237719284509e+01
1.298622137934339804e+01
-8.795879924964969732e+00
8.605341806244122260e-01
1.998507273116933325e+00
-1.928248370188605065e+00
-2.959064611828273517e+00
7.853015942264485183e+00
1.773124884732560957e+01
-2.971960149565461506e+00
-5.935540973658506303e+00
-2.293164136976813694e+01
-2.075771289990871793e+01
-1.654599036579186588e+01
-1.137620405411684743e+00
-4.230381203185164196e+00
-1.281751914404866000e+01
-1.004823244302775009e+01
-7.844952162521695804e+00
-1.775367129731759519e+01
-1.780246557009062158e+01
5.896701127895338956e+00
6.852226231344705987e+00
-6.828712332895829462e+00
1.898130041724522155e+00
9.864982128365255676e+00
7.100432432114251569e+00
6.026500264566555742e+00
-3.849560648212176694e+00
-9.748665273308771972e+00
-7.924432538990235031e+00
-3.873845220264032552e+00
5.115419525169711434e+00
1.287337982779115819e+01
1.381380500708145576e+01
9.793109712868368177e+00
6.841529857539324411e+00
-1.176477573304411273e+01
7.929674835713757197e+00
-3.324988016484982722e+01
-1.075219913914080117e+01
-1.779230883261976004e+01
-9.857536777268954609e+00
-2.850160719279029031e+00
-1.878236611787647092e+01
-1.168342768514737884e+01
-1.971211178709834044e+01
-6.864997161915970203e+00
-3.120048835654185559e+00
-7.897496374410459374e+00
4.900776250643366083e+00
-8.078046542412629094e-01
-9.882793147604049366e+00
-7.955974949098878035e+00
-3.913483348438894005e+00
-1.014525012304092755e+00
5.932945961872070129e+00
3.072838164378338899e+00
1.487813076411754487e+01
1.003919044456882403e-01
1.586138970513501079e+01
8.049402195218172906e+00
1.773518062230250436e-02
-7.916602818777711548e+00
9.800062949491264774e+00
1.874005642742647026e+01
1.392572383878043141e+01
1.581096064091519615e+01
-3.033817448788443283e+00
-1.289692619023397668e+01
-2.467123770671136640e+01
-1.972032859315638476e+01
-3.339780833217603373e+01
-1.679800378871902566e+01
-2.349387132924893251e+01
-2.272049042889339887e+01
-1.762043477105005351e+01
-9.490132378008659941e-01
2.937130717832261428e+00
9.636061264516557756e-01
-1.202823123568467878e+01
-5.998951616872378878e+00
-1.880571015446317773e+01
-5.854608353298706547e+00
9.616749166428961715e-01
-2.156322553776955253e+00
-6.814703131479129539e+00
-1.364286104628622986e+01
-1.364286104657587728e+01
-1.580605312561863585e+01
-1.167090734852456535e+01
1.072335284065629857e+01
5.973886523760209677e+00
2.577712205051305716e+01
2.664866627176256131e+01
2.873775308968771647e+00
8.869666327885436630e+00
1.283812323731110538e+01
-6.754824065036252989e+00
1.129528818442881999e-01
3.924135275572416148e+00
7.078259691279453314e+00
1.168208735615027116e+01
-1.669432929517464714e+01
-2.962777576017050940e+00
-2.005999429719529381e+00
3.682887479587579449e+00
4.654473584259020136e+00
-3.015173212941880454e+00
4.873122758687754796e+00
5.941822896443200719e+00
6.196209387491363962e+00
1.078055473284343968e+01
6.772991857877325828e+00
-9.907152887451022849e-01
-6.820999523950634469e+00
6.977328064201275382e+00
2.980347188439311346e+00
9.465751019196542160e-01
-3.152057094756806954e+00
8.640292290134343745e-01
-4.967350693719784438e+00
7.826505107494234004e+00
-1.972004627018109346e+01
-1.684993734326199188e+01
-1.402323136944472814e+01
-6.934774603957077233e+00
4.924696951054734484e+00
3.838459776456512884e+01
1.959474774709196865e+01
1.166470364559362949e+01
1.201915142211817056e+01
4.871516168568307492e+00
1.203725333839615175e+01
4.035845180066342408e+00
6.019307584216415208e+00
3.943708526911827050e+00
-1.051215541851412638e+00
1.572486175474743320e+01
8.812947293687862782e-01
-9.753399805417933166e+00
-9.077898076977213293e-01
-1.285244564273020984e+01
-7.824786189730227548e+00
-1.762568238691560651e+01
-2.998992715355906391e+00
5.009093224659558530e+00
1.871495088995196010e+00
1.189595100294085483e+01
2.899122924762500553e+00
5.850853886988938157e+00
2.707694796952717198e+00
-2.012441205081884732e+00
1.363868960104241523e+01
-2.069445892628756223e+00
-9.940066471914008162e+00
1.102759616907104245e+01
-9.877829334637775460e-01
-1.857674124699038476e+00
-3.826773720138765711e+00
-6.849737691470240364e+00
-1.084907691743065783e+00
-1.081720608749184187e+01
1.280756648107650797e+01
1.966738794305921134e+00
-1.027573897231218059e+00
-2.443398361045498390e+01
-1.897438751529304568e+01
-2.158049728636943243e+01
-2.938187922460314638e+01
5.021603093460643485e+00
-1.860526086975650273e+01
-9.987590244313672372e+00
9.653699347974122880e-01
-1.017114936698424899e+00
3.969582204483999455e+00
-1.883614946575375093e+00
5.021143950532731992e+00
-2.881995618293773376e+00
-7.836697173345825718e+00
4.392635750422968499e-02
-9.710368791021643631e+00
-8.924756612525309052e+00
-1.581110308164903877e+01
-9.811321478734436496e+00
-4.012758311207662132e+00
-1.898899951765576688e+00
6.999859317312322915e+00
1.116344680411924806e+00
1.116344682033047597e+00
9.770088347138126128e-01
1.663911531686525791e+01
1.588240289466699195e+01
1.668128166744493868e+01
1.773883557308467118e+01
1.986360694153615469e+01
1.673762455462809839e+01
1.385872627551396796e+01
2.768637039821358314e+01
2.852507216473770768e+01
2.747511439592085480e+01
1.384128613557651022e+01
1.068449574952803438e+01
5.925969265843063383e+00
-2.006872799534004770e+00
2.164853655388218812e+01
2.553919251574147964e+01
3.989609632305607168e+00
-1.662880986041470166e+01
-2.966169496933760641e+00
4.812560731195497432e+00
1.041056573974529442e+00
-1.096678766116820469e+01
2.020390852418042282e+00
1.894622325881877956e+00
-7.695841961882861959e+00
1.004554032155608567e+01
-2.026077078385240426e+00
4.053185232030039664e+00
-9.493770612406173814e-01
7.809676429987137070e+00
1.035665777639314555e+00
-1.988484538137606172e+00
-1.969861759264008860e+00
-1.671529504931564603e+01
-6.814266058138286120e+00
5.825403849050672989e+00
7.847518163946409331e+00
-4.952739275485340542e+00
1.480322614205236320e+01
1.879310649266206923e+01
1.361800212328476789e+01
1.578860702276100625e+01
1.566472507192088592e+01
2.353426800838295208e+01
3.549670915846147778e+01
6.991080085873495165e+00
1.468132852177017611e+01
1.372552463776635534e+01
2.066464412600250000e+01
3.980867035733374415e+00
5.013483188433712989e+00
9.359600501355211932e-01
1.278612957331569788e+01
1.778964567292840826e+01
1.289115686229351354e+01
5.006228720045356795e+00
9.734130595498051264e+00
1.270061023527575017e+01
9.875616197808939845e+00
3.008285120494785581e+00
-9.653633599150007738e-01
1.375463006670223187e+01
7.849785695924538231e-02
-4.891497852873945007e+00
8.728916029435449531e+00
-1.567144795136366753e+01
-1.052366411160718496e+00
-9.827192435611524779e-01
1.568717066707718999e+01
2.063807402512285094e+01
-2.081558282666476245e+00
3.828343930742927448e+00
1.188124010096924188e+01
7.840137713490512361e+00
9.132654005153650889e-01
4.799885668798135718e+00
9.850350392208433448e+00
2.562417968041959071e+01
1.186746003846494446e+01
9.900531814263588970e-01
7.855506407727052220e+00
2.465394019650823765e+01
2.916875296071126389e+00
-9.587836280617767493e-01
1.080823522781826185e+01
2.059758050820053299e+01
3.053474686563231089e+01
3.149696897108520943e+01
2.862957474014767456e+01
3.138839813490051966e+01
8.651678744559237799e+00
1.384626868075852357e+01
1.675889160419801627e+01
-8.573385965839572798e-01
8.443748515257678555e-01
1.292725185430654022e+01
1.788594367934560125e+01
1.593067589933396988e+01
5.931989087278653372e+00
-6.861247086879508572e+00
-8.803460986802425836e+00
-2.261452351184554388e+01
-1.584082030951304887e+01
9.244196923737399985e-01
-7.881137620942411104e+00
1.878087007829124033e+01
9.960692434279661001e-03
1.479825075220574959e+01
-1.174437318542004283e+00
-9.152040868536483131e+00
-9.162912663469960250e+00
-9.906867605181123082e+00
-1.087576792816634352e+01
1.563256238727697323e+01
1.660340011982797392e+01
-4.047289157622474320e+00
-6.865495633935863040e+00
7.717867870381141415e+00
2.359772182814727159e+01
1.590802210879312995e+01
7.999078952796168096e-02
7.786768555308032802e+00
2.030257380243352117e+00
-5.710287234930483180e+00
-1.268135814922838911e+01
-2.954878017016655178e+01
-1.587950219851169287e+01
-7.917252880533050430e+00
-1.692911109455490504e+01
2.909935929559832601e+00
1.994218883708011258e+00
-2.966288918375711514e+00
-4.901781650704703175e+00
5.112036168508273803e+00
-6.759127691301813456e+00
-4.756750626882094046e+00
-4.906288199729974764e+00
1.857732360419323214e+00
1.857732350291673384e+00
1.188098087606591946e+01
1.391632192941539259e+01
3.447478893682138334e+01
1.099340759568493553e+01
1.492288273425715772e+01
1.065022455553996217e+01
1.664216210772943327e+01
8.786232574708208176e+00
1.088892616215863995e+01
1.462118334350988391e+01
4.140531170554421436e+00
-2.043103225421569302e+00
3.033115380032149311e+00
-1.069099127551823258e+01
-5.984318457934893587e+00
-1.875777318002280225e+01
2.910365464107258049e+00
-5.008538445384125737e+00
5.992947187313667712e+00
2.162664408348264544e+01
1.087303672346785355e+01
-5.768060554488032565e+00
5.031636460945811962e+00
6.993849543340166619e+00
1.477745699601353202e+01
2.164087651030527581e+01
7.911026660873417882e+00
1.133012480680237744e+00
-7.796806059773375708e+00
-1.673659253968887128e+01
-1.787990456977647113e+01
-1.875328215964704981e+01
-1.293266587069375539e+01
-1.357832778719759048e+01
-2.163713618299841102e+01
-9.854006233590656194e+00
-2.363406754311274227e+01
-6.128971030755575811e+00
6.954908263110192834e+00
-7.827001006958925089e+00
-1.273859549276971137e+01
-8.879789006312829969e+00
1.970191160971687783e+00
-8.876772987965836137e+00
-5.921363115905501573e+00
-5.863498000427768808e+00
1.093530845828625253e+01
1.451522470662472308e+01
9.999572838760022009e+00
1.848852021203709484e+01
1.727095648097076719e-02
8.910745102269578055e+00
8.963918739556042681e+00
2.784499391237424959e-01
7.142724288544443745e+00
1.097584841987836768e+01
9.847158648866995989e+00
1.074420882350197815e+01
3.540079409006884248e+01
2.467258049684792098e+01
1.959370972283302592e+01
7.029544951332026947e+00
1.971331206327265306e+01
3.444647605277376812e+01
1.762054336244385411e+01
1.193904349556038369e+01
4.741511602377769030e+00
-9.846805564317433479e+00
-4.892135057456635572e+00
-9.836267611067047056e+00
-5.815390134596492899e+00
2.378455878313383920e+01
8.089712495612850773e+00
3.985163053869428929e+00
9.931289725149559544e+00
3.826613991744197918e+00
1.682870247547363363e-02
1.489244240549781395e+01
1.674226223200533781e+01
3.945206279780525627e+00
-8.878368359207296834e+00
1.047573251033523611e+00
-8.902687832618534358e+00
-4.897052140836271050e+00
1.979897660995121100e+00
9.609542159842021647e-01
-1.460492110302886992e+01
4.996357556766247932e+00
1.277902370442993885e+01
2.063951223519050160e+01
