1.391801130544336118e+01
1.185618817509101319e+01
9.966140049593802175e+00
1.389635779290771822e+01
1.678145007049444359e+01
1.384364364712006967e+01
1.486525063634883281e+01
1.484751987205635793e+01
1.580050375067053636e+01
1.586805694384592691e+01
1.489589557427256317e+01
1.188056835833724456e+01
8.893274011279139302e+00
9.905263481365704337e+00
7.953285637957980825e+00
4.975758047775121540e+00
6.956179472456513579e+00
9.964825337848973064e+00
1.180987210121035069e+01
9.852426263518925253e+00
8.856341355470332743e+00
6.903533576620858092e+00
9.889438576171995621e+00
1.086392459483778872e+01
9.903556179639650736e+00
7.905243861505070413e+00
1.080679144631480781e+01
7.838678367380847334e+00
4.877542212664730314e+00
4.813973817902326147e+00
2.950362739737497630e+00
4.951633391232862280e+00
2.936981759755199928e+00
2.961783813254981190e+00
3.932783866892702651e+00
5.881292364665236860e+00
3.921026681665299662e+00
3.980808086127958667e+00
4.969778035134934768e+00
4.969778035126841687e+00
7.762198900130723445e-02
-5.867418615425564532e+00
-6.063953056653483387e+00
-2.957395340985118359e+00
2.775546233493031423e-02
1.955559749883148069e+00
9.822318377100796027e-01
3.960553932662236321e-02
9.813831710371894168e-01
1.981068430800801750e+00
2.005621703484249174e+00
-9.754140417411463204e-01
-2.852428268488305552e+00
-6.889123353363168611e+00
-5.951670667947666082e+00
-5.916776595369400482e+00
-5.904693106414812931e+00
-4.902096171149869619e+00
-5.886012100938348368e+00
-6.902010467376271663e+00
-5.010699412459713287e+00
-2.113513788939112459e+00
-6.018704571819430527e+00
-7.023071428265512672e+00
-6.921332775499261736e+00
-4.965789231668569670e+00
-6.950275666608920488e+00
-7.003553258309514362e+00
-9.945432870090412436e+00
-9.937968954747111283e+00
-9.911607413895399787e+00
-7.921532039428854866e+00
-7.966450125669408244e+00
-1.083624107142162885e+01
-9.903382430225837751e+00
-8.883549656395466343e+00
-9.870467813231250886e+00
-7.921654793457170385e+00
-6.970957203031107774e+00
-6.965280446544641180e+00
-8.907714603957010979e+00
-1.089374528926786390e+01
-1.203962160956085370e+01
-1.193523785366278744e+01
-9.891478373231278098e+00
-8.942999731445116396e+00
-9.962362679854972924e+00
-1.086432329280142461e+01
-7.896810330443723380e+00
-1.091738147805959258e+01
-1.088955339974754466e+01
-1.193223234670564281e+01
-1.191165417681049021e+01
-1.691121815183708321e+01
-1.490867071559230972e+01
-1.783030975486909497e+01
-1.882679132832899427e+01
-1.785868608608633323e+01
-1.585052930207095656e+01
-1.390308484161715974e+01
-1.484809393181081205e+01
-1.492894977777958587e+01
-1.189904091457294300e+01
-1.189138360857515408e+01
-1.378483451684722461e+01
-1.379942630512289270e+01
-1.485985902002327208e+01
-1.288421963498458744e+01
-1.190657682881988855e+01
-1.280463609193008878e+01
-9.904645759437549657e+00
-1.386389276495754075e+01
-1.086141709043534398e+01
-1.189757497223340721e+01
-1.480247964468168043e+01
-1.480247964480128786e+01
-1.383380090762859282e+01
-1.580246967309299500e+01
-1.482243313169550092e+01
-1.383456658819935647e+01
-1.283681987804262548e+01
-1.283118456771839355e+01
-1.189874296369298179e+01
-9.958201529574363775e+00
-1.091026251969909922e+01
-1.187436527269591657e+01
-1.577199635545043321e+01
-8.928974110611779480e+00
-7.921282487788277926e+00
-8.863922080644735857e+00
-1.184878070458638177e+01
-9.869052674133888203e+00
-8.966372911406629953e+00
-8.931626815406861652e+00
-9.887132895525544640e+00
-9.821415434340812212e+00
-1.480742167713942692e+01
-1.184966919219750814e+01
-8.939695857380527855e+00
-8.926544050886192849e+00
-1.090669101158910514e+01
-9.006498277125748686e+00
-1.095371040751676439e+01
-1.003649396097078217e+01
-1.097039734409105627e+01
-1.488620573140581982e+01
-1.990420030068844426e+01
-1.189948544655434226e+01
-1.292837813247286505e+01
-1.384036737725567434e+01
-1.384716071817885030e+01
-1.579074070888634296e+01
-1.474672313871897344e+01
-1.384759973060350013e+01
-1.384759973024398150e+01
-1.386707069798500669e+01
-1.586772180131332988e+01
-1.587287053408259041e+01
-1.683519076742215503e+01
-1.882161545710732753e+01
-1.389566341428914420e+01
-1.382968934559418805e+01
-1.387106266190368409e+01
-1.089578861813725119e+01
-1.291374572068349380e+01
-1.293474836587950350e+01
-1.187044453740616845e+01
-1.283848629431987476e+01
-1.188725561060255664e+01
-1.581314855666803254e+01
-1.380488596421951542e+01
-1.468951884424934740e+01
-1.184420118069196448e+01
-9.878550573707043370e+00
-1.290840085803077031e+01
-1.186443427824137231e+01
-9.879399471301743674e+00
-1.090826614826214325e+01
-1.189130390439390617e+01
-1.184603567936025215e+01
-1.086006191624108297e+01
-9.877960358781411543e+00
-9.869792092689525731e+00
-1.087695944538964099e+01
-8.922679655252792941e+00
-1.009589287462479135e+01
-1.092350503048877108e+01
-1.097101372460194924e+01
-1.091016064019664888e+01
-1.190292539842157105e+01
-1.490156630386820069e+01
-1.587382160459176106e+01
-1.391212997519284755e+01
-1.590661881380932385e+01
-1.588314946117842119e+01
-1.779597326041288241e+01
-1.581872436224886691e+01
-1.586393457852518196e+01
-1.782025502026835895e+01
-1.782025502017302188e+01
-1.583660470189463609e+01
-1.776197580408936005e+01
-1.585375780558797665e+01
-1.486494094078868855e+01
-1.578750418226468000e+01
-1.290099635195607597e+01
-1.187908939424776733e+01
-8.850295680253838171e+00
-8.850295680263146281e+00
-7.909135751562460293e+00
-5.949841521276337808e+00
-2.986057576892651610e+00
-3.968535815775501518e+00
-3.020333005790178049e+00
-6.017717376952899322e+00
-3.049797441084113991e+00
-7.926350614981230613e+00
-3.979075333044485685e+00
-4.992863213463638594e+00
-5.068528891209904685e+00
-5.028900521418478320e+00
-1.087486225683764296e+00
9.937323330953246048e-01
3.890059346487257042e+00
6.863698411774571184e+00
6.912973444556294922e+00
8.858342962171850132e+00
1.070187537084437146e+01
9.811688239409285472e+00
6.931524604564804903e+00
1.083416519648151422e+01
9.846958206523494184e+00
8.828041091077315272e+00
8.849997753744425211e+00
6.909746726009985629e+00
8.862455960334301608e+00
7.826023870879588173e+00
3.914736218356448028e+00
3.928207425233219308e+00
5.957657105408672216e+00
3.949158602820095787e+00
1.985704935209619215e+00
4.874074782475867451e+00
3.903270685242861138e+00
5.989373616816941137e+00
6.943512568422838704e+00
6.888501886813462427e+00
7.922652371171363228e+00
6.910467240177815107e+00
5.955015008471952420e+00
5.955015008024156842e+00
7.913323991864663398e+00
9.921919798538020530e+00
1.086898328510984868e+01
1.089744628272003268e+01
1.192098739470724311e+01
9.938329272904299572e+00
1.186784407321480117e+01
1.090984791281472965e+01
9.928709332994845482e+00
1.483967787989696596e+01
1.480512730957312684e+01
1.676312083585961688e+01
1.377681477900999596e+01
1.281310406025540871e+01
1.184869504345681968e+01
1.184869504316494115e+01
1.379594116268823889e+01
1.483920886354767354e+01
1.191521727397116592e+01
1.386127221567640078e+01
1.477291954647407302e+01
1.190656793535903013e+01
1.180286829142775673e+01
1.190313082758946273e+01
9.897101819459988903e+00
7.935435858502496664e+00
7.922853696262931678e+00
9.952813485226700507e+00
9.906835154865976989e+00
1.087869317177422168e+01
1.085670829434107176e+01
1.382927619858736712e+01
1.276685581856179397e+01
1.181406646664037652e+01
1.481395987812684467e+01
1.771679345653647886e+01
1.584809296501100562e+01
1.582723170926555767e+01
1.585760353365031605e+01
1.680068254905159364e+01
1.680068254933825500e+01
1.975627410416571905e+01
1.974979207415381310e+01
1.782883145257682500e+01
1.881569796340556522e+01
1.686504877071241637e+01
1.680201280366052785e+01
1.780556144867092527e+01
1.486036123413827248e+01
1.784433432489725391e+01
1.489736193355722982e+01
1.588114984166812604e+01
1.682945545813019095e+01
1.390688074337185043e+01
1.681071142606484869e+01
1.878606249314955789e+01
1.780625000363475152e+01
1.879912544749105052e+01
1.974952330645118082e+01
1.974523143681353687e+01
1.891862164750025599e+01
1.891862164426849091e+01
1.689458925541610412e+01
1.982935561914242939e+01
1.874188124353150187e+01
1.591466551469680191e+01
1.770614384952875753e+01
1.784910803310319238e+01
2.080581572010733282e+01
2.166106842533428534e+01
2.177005825786082482e+01
1.986799336859357723e+01
1.987995647460936155e+01
2.075016065287540457e+01
1.802003748582680842e+01
1.975528004982537311e+01
1.880124421630740272e+01
2.179513669908490670e+01
1.989945619891947359e+01
1.982238343246947210e+01
1.785097710942589089e+01
1.499504697219563631e+01
1.690315535153965953e+01
1.388190539046202510e+01
1.488312766263996778e+01
1.585708419451902884e+01
1.481192361985868367e+01
1.582021246151050065e+01
1.483954478105822972e+01
1.181505658317567153e+01
1.380445958015064178e+01
1.479468355322530471e+01
1.780682371199504388e+01
1.478496671008263874e+01
1.480416936983026588e+01
1.679626029809457322e+01
1.572432791961367649e+01
1.384895608206131357e+01
1.777641979827419050e+01
1.683468993433827876e+01
1.483536877032839030e+01
1.583874204112605888e+01
1.583874204025821442e+01
1.874141452941235642e+01
1.192531935774595730e+01
1.578682831988965951e+01
1.578144631097779005e+01
1.685754266345565000e+01
1.901934294775294987e+01
1.778975416076864136e+01
1.779271688463056478e+01
2.079697194550926653e+01
2.279512364285303505e+01
2.378218120543341385e+01
2.774584473339378832e+01
2.278546380136283744e+01
2.178164997773281897e+01
2.479609382486614777e+01
2.584198045404751554e+01
2.584198045443909564e+01
2.460812215846744877e+01
2.460812216046774381e+01
2.169303135487710676e+01
2.284737784038673070e+01
2.477658703462359568e+01
2.178736200087588415e+01
2.275843379296957281e+01
2.468249624852553481e+01
2.082040698092863451e+01
1.982159873292460972e+01
1.790286423618874778e+01
1.990843203333046318e+01
1.698181396719518332e+01
1.888380062814085747e+01
2.183116115541993096e+01
1.986020502069009552e+01
1.985288425148381464e+01
1.984383399645511403e+01
1.979956019522246891e+01
1.885349669725576760e+01
1.981459178717597780e+01
2.071972889893087100e+01
1.977813647755111504e+01
2.278143517409334606e+01
2.088933060177685874e+01
2.182654232144684414e+01
2.183183239926936636e+01
2.080902875896709858e+01
1.882446445702659332e+01
1.684492416134691339e+01
1.488087130009972725e+01
1.385652078221807493e+01
1.679107691417445380e+01
1.574193488476426772e+01
1.773866042689135369e+01
1.680462214613342908e+01
1.202479253633701717e+01
1.496627362322885091e+01
1.778732944095724378e+01
1.477581360836805224e+01
1.584004387228235444e+01
1.677523846996967549e+01
1.579575016528335851e+01
1.485559136307691119e+01
1.484307890531924379e+01
1.187440584634796714e+01
9.903778976681266499e+00
7.922352442410463880e+00
3.975728065688774127e+00
5.901431760460313924e+00
3.829548589598263941e+00
2.911547603398906503e+00
3.910877965317818727e+00
9.738082511397158081e-01
1.924236857762732678e+00
3.902046831968192464e+00
3.925994885090486886e+00
3.937469883319301367e+00
2.811356639398920887e-02
2.270045029054930552e+00
-8.258999622206388835e-01
-1.939449820798378799e+00
2.998809257659208694e+00
2.053855987502984259e+00
-2.872172536293469580e+00
9.650824607467312077e-01
2.806526715662385207e+00
-1.870350390194436496e+00
1.077173877920948986e+00
2.937940651969201511e+00
3.954448628571555879e+00
2.949696386985071861e+00
2.972965626825514907e+00
2.006808820012644379e+00
3.077139477313149740e+00
3.040372986384401788e+00
4.075662639434995960e+00
2.984526153014575911e+00
1.016414701871048543e+00
4.005546597825277999e+00
6.977671114461940327e+00
4.930304079490072766e+00
4.910615679675959910e+00
3.969150348767943814e+00
4.014209720672499593e+00
9.866580730478682781e+00
9.855351658868256592e+00
2.946157868968398930e+00
5.934058231516164739e+00
6.921524759703150842e+00
6.961873285701038583e+00
6.948250413802846914e+00
1.092438342228374815e+01
8.977291202352478905e+00
9.887083246583564744e+00
9.023819311904283325e+00
1.187109123919583453e+01
8.881865341329916674e+00
5.973123842743206069e+00
9.878576355578163160e+00
8.888468110253851862e+00
1.073136104782359013e+01
7.909559124494958127e+00
5.965192487495924567e+00
6.826122363475645827e+00
3.969440532187473725e+00
5.932803638848053396e+00
3.942600979057072408e+00
2.916094052009482240e+00
4.938845174604534094e+00
3.907240947567300005e+00
2.627974026081869585e-02
9.888514886011545713e-01
3.922966595286531799e+00
9.716788009318571007e-01
-8.159571312790214748e-02
2.026312796201013455e+00
-2.792273699007064014e-02
1.941203562034311547e+00
-2.080777005962388682e+00
-3.060375992163357761e+00
-1.249756398359083143e-01
-9.474041360952178970e-02
-1.292209894515545798e-01
1.924091239162008415e+00
-1.891618999804522971e-02
-2.923476934283515405e+00
2.937733120395936925e+00
5.917397503215785726e+00
1.183887406805313525e+01
8.683165916890457581e+00
6.823191868834999063e+00
7.865750037367644332e+00
5.879957553341455423e+00
2.958702265168930090e+00
2.958702266726278118e+00
3.939176634152438794e+00
2.949334374276083359e+00
2.903422677021122666e+00
2.972923027327233569e+00
2.045192147549130368e+00
2.995588112511965662e+00
3.043069360319153205e+00
1.125412942404961036e+00
4.937743232447672881e+00
3.921530167765746810e+00
4.922027240511081203e+00
7.889402181253501567e+00
6.897644867729130880e+00
7.863088415890709726e+00
6.910093060832909195e+00
5.909384047176246213e+00
4.880969920764918868e+00
1.940102254416891547e+00
1.884228606667591510e+00
2.971671271762918565e+00
9.526961602996917300e-01
9.151765191225584850e-01
-3.919275484946348698e+00
-2.958898896855047589e+00
-2.962717673184282141e+00
-1.956313763140214323e+00
-1.024230189236408961e+00
-3.000430700467585865e+00
-9.659234795595272871e-01
-1.080549633432116519e+00
-9.054976631738709258e-02
-1.034690242585038611e+00
1.004554965145304291e+00
1.970841997556724401e+00
-1.000611162966002166e+00
-6.351677970195535039e-02
4.470892372415091742e-02
-9.198446758982430360e-01
2.020272505801479213e-02
2.970253453820648204e-02
1.726150918299684811e-02
2.022258615333161202e-02
-2.005580393305742337e+00
-1.021921350426776343e+00
-6.928541651699253734e+00
-7.856243097365126715e+00
-8.904812813427527729e+00
-1.296653310147894800e+01
-9.953447003447861263e+00
-1.294170003869455776e+01
-1.276403788711691689e+01
-1.286910016626825914e+01
-1.084574465593726345e+01
-1.384929788462250499e+01
-1.194498773237817879e+01
-1.191144959235244727e+01
-6.962135805210493800e+00
-8.920307869619300334e+00
-8.904044539836924343e+00
-6.905782238261599204e+00
-3.967780404185838439e+00
-1.964970361770826734e+00
-5.011220688616901953e-02
-2.030561514442194238e+00
-1.350554009611393269e-02
1.976104547800959566e+00
-1.013176249906778459e+00
-1.027804896030616533e+00
9.428032943383470865e-01
3.893566884610558887e+00
-1.976973417230654562e+00
-9.586655348686097255e-01
2.019534837886435952e+00
-6.027128743811616118e-03
1.556792433555553856e-02
2.021758897138278499e+00
3.889729630985320874e+00
-1.470436104881400752e-02
-2.942969955395175141e+00
-9.548026029137046677e-01
2.127163498782101314e+00
-9.533513825744939219e-01
9.912742628080302154e-01
4.950814511431946841e+00
2.991784066295320343e+00
5.011754392054807994e+00
7.978105754253764559e+00
8.910063005799310432e+00
8.910063005933686497e+00
6.972339607607703549e+00
7.944584830602326342e+00
8.811420726682589688e+00
4.980311860008612257e+00
3.490290605693302517e-02
1.078332390604825441e+00
2.993426358559375000e+00
3.899733259270630636e+00
1.990907509756567606e+00
3.039332226276744819e+00
1.838830620813486139e+00
2.002736819869929352e+00
5.717919688830508385e-02
3.915019858532373220e+00
3.877503156601621370e+00
3.909471340366934555e+00
1.229622994073253928e-02
1.012110278113135031e+00
2.986587504050649766e+00
2.986587504261718706e+00
2.986587504182517616e+00
3.971744126429840094e+00
6.927434752280960950e+00
3.978379561624264316e+00
3.981824291109906877e+00
5.954767563266257113e+00
6.964888154014762023e+00
2.963749732538041304e+00
1.007515415640687362e+00
3.922208137986863186e+00
3.883202250479091067e+00
1.912597549166317190e+00
1.912597548909883205e+00
9.072182855806842916e-01
1.883873064116656781e+00
-3.038398189356606771e+00
-2.988858749715760155e+00
2.372877560585351375e-02
7.900904168325562082e-03
7.900905740503838537e-03
9.440872520643195376e-01
-6.838191587489101053e+00
-4.882419095237169770e+00
-2.890714539845564257e+00
-4.857781527977247826e+00
-5.932584185681132993e+00
-7.881144309179378027e+00
-3.991133784286539310e+00
-6.016743528599207913e+00
-5.962236798495169410e+00
-3.129574544914466294e+00
-3.010110249901210899e+00
-7.958705288825272284e+00
-2.038805789106898914e+00
-3.006053275364447330e+00
-6.910200138351969557e+00
-4.000079618603761489e+00
-5.942332594539264434e+00
-8.884859234978698339e+00
-9.924866158117669812e+00
-8.899429485099640047e+00
-1.283239198074051046e+01
-1.579325290094682011e+01
-1.085160685059244656e+01
-1.089359406089138815e+01
-1.481888278682793469e+01
-1.291692917396995099e+01
-8.989002895952225458e+00
-7.976468385864865951e+00
-1.188062156957180093e+01
-1.295611533720546937e+01
-8.986301894801218992e+00
-9.898118007855224221e+00
-1.185574132912441492e+01
-1.285594511197383483e+01
-1.083171769670094342e+01
-1.086123676383642689e+01
-7.935155762907141863e+00
-7.935155763076540580e+00
-9.818099306808701243e+00
-5.972541157604425166e+00
-4.041785389999740019e+00
-4.950890895516833368e+00
-4.048894110495631082e+00
-6.994259654860414344e+00
-6.038811997059779557e+00
-7.070407178668225434e+00
-7.029285820347253022e+00
-5.000534913169214946e+00
-5.987532850080227398e+00
-6.964497904875105228e+00
-7.912575332987467291e+00
-8.860051105145121397e+00
-6.884230260488213737e+00
-3.010526026526562315e+00
-4.932512401448060579e+00
-7.886736923503320895e+00
-7.896971950505244031e+00
-1.086801515946046059e+01
-8.894447708264303643e+00
-1.090408437749975334e+01
-1.093263846523348448e+01
-1.094154022553436789e+01
-7.825191533708534486e+00
-6.912329691839238066e+00
-8.912612841999919766e+00
-8.899011098829662458e+00
-9.898251264862011567e+00
-1.290568175140336571e+01
-9.891339649745358287e+00
-8.936819504857860252e+00
-8.983427553670514598e+00
-9.873671100649779930e+00
-7.977244281954487093e+00
-1.085563565215948145e+01
-7.913578953648322312e+00
-8.933984575615792068e+00
-8.967837067828750008e+00
-7.958638636189286686e+00
-7.915519993549390065e+00
-6.805972386827763287e+00
-7.840077094118552026e+00
-8.961614375228423413e+00
-6.819871146564129738e+00
-8.878858023504545116e+00
-1.187475998136330091e+01
-1.189921647656688819e+01
-1.103219249866791074e+01
-1.189902185657645184e+01
-8.954841164892290095e+00
-1.090577565926625070e+01
-9.997441148238070951e+00
-1.192628202197797016e+01
-1.285420890699979601e+01
-1.482161786233717393e+01
-1.294688747067413814e+01
-1.188977791278820106e+01
-1.188977791291162056e+01
-1.283791918624679518e+01
-1.291490866795755466e+01
-1.386728791133861627e+01
-1.386728791130948046e+01
-1.486410300914626603e+01
-1.583060806593210579e+01
-1.780899928146638445e+01
-1.483274851649852444e+01
-1.683972021560807519e+01
-1.389681236935063602e+01
-1.191216111864048877e+01
-8.925396648782037090e+00
-1.089189200798240620e+01
-8.887138807524806339e+00
-9.840282516418636050e+00
-1.186368145947932007e+01
-1.282062543825677281e+01
-1.185986921834148333e+01
-1.482350891887548450e+01
-8.940847994217522299e+00
-8.972664958552206471e+00
-8.996323653083123872e+00
-1.279006868113833484e+01
-1.289751819752583017e+01
-1.478621591744708397e+01
-8.958895154099238312e+00
-1.192099235401327029e+01
-1.186997620066047077e+01
-1.191114086050592213e+01
-1.284700314334958904e+01
-1.191112814017698085e+01
-6.971349640159818506e+00
-5.929312951431783496e+00
-8.888313610212641436e+00
-8.905337305477299736e+00
-1.280783528277607353e+01
-7.878182891519042386e+00
-1.177990498509678829e+01
-1.082935716704851536e+01
-1.185789819969394898e+01
-1.485880949902344206e+01
-1.095104509462593079e+01
-9.935728739039181079e+00
-1.095127851583180956e+01
-9.899483479375938089e+00
-1.290649840556368844e+01
-1.093208199231606059e+01
-5.092935436147239869e+00
-6.124380583865248084e+00
-6.945384608085511502e+00
-2.004277945077969747e+00
-3.911245106112826608e+00
-4.904470387356905547e+00
-4.973370566989990138e+00
-3.919808760258531422e+00
-3.919808760167108108e+00
-3.856812528787356698e+00
-5.849086757848311890e+00
-5.924636232743595521e+00
-4.900320809944159528e+00
-6.815680448426956417e+00
-9.803092677091921558e+00
-6.890820963135631416e+00
-3.977155477446294718e+00
-3.930443314859593418e+00
-8.936180159352991481e+00
-5.926701571973131522e+00
9.108963309342925641e-01
-1.037662227005925253e+00
-4.941560814037430305e+00
-1.000415678482128534e+00
5.328265523729047715e-02
-5.117852686776114268e-03
-9.862098429489096763e-01
1.963814118432337885e+00
3.999750647129459935e+00
4.995997756474617191e+00
1.070055623383027310e+01
9.773628075227057010e+00
5.854526279263724931e+00
5.854526279496567120e+00
3.965225589772564785e+00
7.847778299483939790e+00
6.960339858878782593e+00
7.886870263567704598e+00
8.925426695414779843e+00
5.002626746047235784e+00
6.934197483207531043e+00
5.964266437940402454e+00
2.927376446024386514e+00
2.927376445778246961e+00
2.971488263000759300e+00
2.888416972158939444e+00
-1.023591978896706500e+00
-1.801621752571680446e-02
-2.987210151938710645e+00
-1.963766248569585926e+00
-1.969763303933561360e+00
-9.784885000808485334e-01
-9.904671761082188830e-01
2.983324117096277206e+00
4.034803099652743974e+00
3.030883196441721328e+00
5.027122010757897108e+00
6.033185609196437760e+00
3.985750109361346993e+00
-5.404496283939597134e-02
7.860617207510411930e-03
2.907422406221737088e+00
-1.030778813040384101e+00
2.984012410656248004e+00
3.977836519559245332e+00
3.978827259689697193e+00
4.008319189636484481e+00
4.013123763029400770e+00
3.998464550071795465e+00
3.009052493940052919e+00
4.961369396329732062e+00
4.001732962133349503e+00
4.989455602788687827e+00
3.958020206420418852e+00
5.914819065728000425e+00
5.941870466740619250e+00
7.957943413532850840e+00
6.913637212437873103e+00
6.913637212480345795e+00
6.846306287306514804e+00
8.877491780280228895e+00
4.933248080016248593e+00
2.965777530922991012e+00
9.368256541639130575e-01
1.917700931027859879e+00
1.940450120486028496e+00
-3.515564438510487832e-02
1.031273966001618803e+00
-9.709204305337788554e-01
2.028112814000284647e+00
4.907412667253196581e+00
-9.237940612102288895e-01
1.023727317192774322e+00
2.993636446160624853e+00
-2.880479866012669810e+00
1.637243520645448314e-02
9.543922660215984344e-01
6.226639299319103316e-03
-8.135425380924116157e-01
9.549996331614967193e-01
-3.518808366830405987e-02
9.567230740926173649e-01
-3.485421686748979564e-02
-9.660911563257016388e-01
-9.530285059235827916e-01
2.045007859227395475e+00
2.041224963551042659e+00
3.991258212222462909e+00
-9.387073620038459687e-01
-1.889966772507301940e+00
-1.009856291839071885e+00
9.541867762014941690e-01
2.940993899912872855e+00
3.937605530161411682e+00
4.982102207871781374e+00
5.875689677638195718e+00
3.930394515756750806e+00
4.917452133148236371e+00
6.955106454512336889e+00
6.907513208617672262e+00
4.937187214258749179e+00
3.835823230420455143e+00
5.732308142526039596e+00
7.725172394229375961e+00
5.811265830659005260e+00
6.840447222620994694e+00
6.766363222388424248e+00
4.904676792288269915e+00
6.906566495882696444e+00
7.911619819316324964e+00
6.931649364910131617e+00
8.852261172717284410e+00
9.813264110151392217e+00
6.875049752820448390e+00
8.965240931814188130e+00
9.918782113340329332e+00
9.949355253151583867e+00
8.929213156830535070e+00
9.944470657530128932e+00
7.023536881020137734e+00
5.945493761363604079e+00
7.900645671415592375e+00
7.931805152751067567e+00
7.926879811606372783e+00
5.950481534966649555e+00
8.915605767749774202e+00
6.968040083143872465e+00
7.022552199503495629e+00
1.091131931493159257e+01
8.933455761321535959e+00
9.879521771507192796e+00
9.889593482594280616e+00
9.956777004152730370e+00
9.935668571693168971e+00
9.925314494617655470e+00
9.937367902249832241e+00
1.090919504366219073e+01
1.481025579422170679e+01
1.088880327813703452e+01
1.287437055500138428e+01
1.290586636283251742e+01
1.190623153597923789e+01
1.285133839879607187e+01
1.187573869444965169e+01
8.928666193722506250e+00
1.089958026451340167e+01
9.885723973939949616e+00
9.910800019623742685e+00
1.183208044467032671e+01
1.279455397865404009e+01
1.573264065446044135e+01
8.907426275234120894e+00
9.888091139016196962e+00
7.893588553458791068e+00
9.967049638904569520e+00
8.846985851992007710e+00
8.846544309279352092e+00
7.866771090050550974e+00
6.936560393762382759e+00
7.961309210434171391e+00
8.948441132140633414e+00
9.930016465933952929e+00
8.969544009565003861e+00
7.971265581705898384e+00
9.805768101202350095e+00
8.026646487327928625e+00
8.934127201399189033e+00
7.905968398936486174e+00
7.928078604013748532e+00
3.975672186292201538e+00
3.891074958781179038e+00
7.922265236052927762e+00
4.922227719938964796e+00
4.986313460019526467e+00
1.950225984747273600e+00
1.982591192490765319e+00
-9.644159061699784097e-01
1.011550795161609617e+00
-9.794099022748812278e-01
-4.008567076606777135e+00
-2.973085124990481276e+00
-5.922758418895211818e+00
-5.948492711076037942e+00
-3.048417865423853179e+00
-2.994114836104856181e+00
-2.961517945016278741e+00
-6.866709129479533047e+00
-3.954607833619603330e+00
-7.884051157486877237e+00
-7.922405440119129061e+00
-9.877508326143122019e+00
-6.922722751898781723e+00
-4.945677546633738153e+00
-4.934768516008722905e+00
-4.932314059492023617e+00
-8.916278448367386034e+00
-7.886054143382921211e+00
-5.888333698297751440e+00
-1.078548150741934464e+01
